204,67,67
247,225,225
255,255,255
255,255,255
255,255,255
255,255,255
255,255,255
255,255,255
255,255,255
255,255,255
255,255,255
255,255,255
255,255,255
255,255,255
255,255,255
255,255,255
255,255,255
255,255,255
255,255,255
255,255,255
255,255,255
255,255,255
255,255,255
255,255,255
255,255,255
255,255,255
255,255,255
255,255,255
255,255,255
255,255,255
206,74,74
238,191,191
239,196,196
239,196,196
239,196,196
239,196,196
239,196,196
239,196,196
239,196,196
239,196,196
239,196,196
239,196,196
239,196,196
239,196,196
239,196,196
239,196,196
239,196,196
239,196,196
237,189,189
255,253,253
255,255,255
255,255,255
255,255,255
255,255,255
255,255,255
255,255,255
255,255,255
255,255,255
255,255,255
255,255,255
205,73,73
203,66,66
203,66,66
203,66,66
203,66,66
203,66,66
203,66,66
203,66,66
203,66,66
203,66,66
203,66,66
203,66,66
203,66,66
203,66,66
203,66,66
203,66,66
203,66,66
203,66,66
197,44,44
253,249,249
255,255,255
255,255,255
255,255,255
255,255,255
255,255,255
255,255,255
255,255,255
255,255,255
255,255,255
255,255,255
205,73,73
205,73,73
205,73,73
205,73,73
205,73,73
205,73,73
205,73,73
205,73,73
205,73,73
205,73,73
205,73,73
205,73,73
205,73,73
205,73,73
205,73,73
205,73,73
205,73,73
205,73,73
199,51,51
253,249,249
255,255,255
255,255,255
255,255,255
255,255,255
255,255,255
255,255,255
255,255,255
255,255,255
254,251,251
243,209,209
204,70,70
204,70,70
204,70,70
204,70,70
204,70,70
204,70,70
204,70,70
204,70,70
204,70,70
204,70,70
204,70,70
204,70,70
204,70,70
204,70,70
204,70,70
204,70,70
204,70,70
204,70,70
198,48,48
253,249,249
255,255,255
255,255,255
255,255,255
255,255,255
255,255,255
255,255,255
255,255,255
253,246,246
218,119,119
202,63,63
230,166,166
230,166,166
230,166,166
230,166,166
230,166,166
230,166,166
230,166,166
230,166,166
230,166,166
230,166,166
230,166,166
230,166,166
230,166,166
230,166,166
230,166,166
230,166,166
230,166,166
230,166,166
228,156,156
254,252,252
255,255,255
255,255,255
255,255,255
255,255,255
255,255,255
255,255,255
255,255,255
228,156,156
203,65,65
205,73,73
255,255,255
255,255,255
255,255,255
255,255,255
255,255,255
254,252,252
251,241,241
250,235,235
249,234,234
251,241,241
254,250,250
255,255,255
255,255,255
255,255,255
255,255,255
255,255,255
255,255,255
255,255,255
255,255,255
255,255,255
255,255,255
255,255,255
255,255,255
255,255,255
255,255,255
255,255,255
255,252,252
209,88,88
205,73,73
205,73,73
255,255,255
255,255,255
253,246,246
242,206,206
224,141,141
209,88,88
206,77,77
204,70,70
204,70,70
206,75,75
208,84,84
221,130,130
239,195,195
252,243,243
255,255,255
255,255,255
255,255,255
255,255,255
255,255,255
255,255,255
255,255,255
255,255,255
255,255,255
255,255,255
255,255,255
255,255,255
253,247,247
207,77,77
205,73,73
205,73,73
254,251,251
236,183,183
205,74,74
203,67,67
205,72,72
205,73,73
205,73,73
205,73,73
205,73,73
205,73,73
205,73,73
205,72,72
204,70,70
203,65,65
229,160,160
253,248,248
255,255,255
255,255,255
255,255,255
255,255,255
255,255,255
255,255,255
255,255,255
255,255,255
255,255,255
255,255,255
255,255,255
213,103,103
205,73,73
205,73,73
213,102,102
203,64,64
205,73,73
205,73,73
205,73,73
205,73,73
205,73,73
205,73,73
205,73,73
205,73,73
205,73,73
205,73,73
205,73,73
205,73,73
204,69,69
208,81,81
251,242,242
255,255,255
255,255,255
255,255,255
255,255,255
255,255,255
255,255,255
255,255,255
255,255,255
255,255,255
255,255,255
243,209,209
203,64,64
205,73,73
205,73,73
205,73,73
205,73,73
205,72,72
205,72,72
204,69,69
203,66,66
203,65,65
203,65,65
203,66,66
204,69,69
205,72,72
205,72,72
205,73,73
205,73,73
205,73,73
203,65,65
253,246,246
255,255,255
255,255,255
255,255,255
255,255,255
255,255,255
255,255,255
255,255,255
255,255,255
255,255,255
255,255,255
237,190,190
204,67,67
205,73,73
205,73,73
202,64,64
210,89,89
237,191,191
253,245,245
255,255,255
255,255,255
255,255,255
255,255,255
253,245,245
238,191,191
210,90,90
203,64,64
205,73,73
205,73,73
205,74,74
207,79,79
254,253,253
255,255,255
255,255,255
255,255,255
255,255,255
255,255,255
255,255,255
255,255,255
255,255,255
243,212,212
201,58,58
205,74,74
205,74,74
201,59,59
239,197,197
255,255,255
255,255,255
255,255,255
255,255,255
255,255,255
255,255,255
255,255,255
255,255,255
255,255,255
255,255,255
241,201,201
201,59,59
205,73,73
205,73,73
203,67,67
236,184,184
255,255,255
255,255,255
255,255,255
255,255,255
255,255,255
255,255,255
255,255,255
255,255,255
213,102,102
205,73,73
205,73,73
202,63,63
244,216,216
255,255,255
255,255,255
255,255,255
255,255,255
255,255,255
255,255,255
255,255,255
255,255,255
255,255,255
255,255,255
255,255,255
255,255,255
249,232,232
201,58,58
205,73,73
205,73,73
208,82,82
254,253,253
255,255,255
255,255,255
255,255,255
255,255,255
255,255,255
255,255,255
253,246,246
206,76,76
205,73,73
205,73,73
223,135,135
255,255,255
255,255,255
255,255,255
255,255,255
255,255,255
255,255,255
255,255,255
255,255,255
255,255,255
255,255,255
255,255,255
255,255,255
255,255,255
255,255,255
223,137,137
205,73,73
205,73,73
201,59,59
252,244,244
255,255,255
255,255,255
255,255,255
255,255,255
255,255,255
255,255,255
254,252,252
209,87,87
205,73,73
205,73,73
242,209,209
255,255,255
255,255,255
255,255,255
255,255,255
255,255,255
255,255,255
255,255,255
255,255,255
255,255,255
255,255,255
255,255,255
255,255,255
255,255,255
255,255,255
249,231,231
203,68,68
205,73,73
203,66,66
249,230,230
255,255,255
255,255,255
255,255,255
255,255,255
255,255,255
255,255,255
255,255,255
227,153,153
203,66,66
205,73,73
247,225,225
255,255,255
255,255,255
255,255,255
255,255,255
255,255,255
255,255,255
255,255,255
255,255,255
255,255,255
255,255,255
255,255,255
255,255,255
255,255,255
255,255,255
252,242,242
202,64,64
205,73,73
204,70,70
246,219,219
255,255,255
255,255,255
255,255,255
255,255,255
255,255,255
255,255,255
255,255,255
253,249,249
216,112,112
202,62,62
240,198,198
255,255,255
255,255,255
255,255,255
255,255,255
255,255,255
255,255,255
255,255,255
255,255,255
255,255,255
255,255,255
255,255,255
255,255,255
255,255,255
255,255,255
248,228,228
204,69,69
205,73,73
202,64,64
250,234,234
255,255,255
255,255,255
255,255,255
255,255,255
255,255,255
255,255,255
255,255,255
255,255,255
254,251,251
245,216,216
215,109,109
255,253,253
255,255,255
255,255,255
255,255,255
255,255,255
255,255,255
255,255,255
255,255,255
255,255,255
255,255,255
255,255,255
255,255,255
255,255,255
255,255,255
220,127,127
205,72,72
205,73,73
201,55,55
253,246,246
255,255,255
255,255,255
255,255,255
255,255,255
255,255,255
255,255,255
255,255,255
255,255,255
255,255,255
255,255,255
203,67,67
231,167,167
255,255,255
255,255,255
255,255,255
255,255,255
255,255,255
255,255,255
255,255,255
255,255,255
255,255,255
255,255,255
255,255,255
255,255,255
239,197,197
202,63,63
205,73,73
205,74,74
215,107,107
255,254,254
255,255,255
255,255,255
255,255,255
255,255,255
255,255,255
255,255,255
255,255,255
255,255,255
255,255,255
255,255,255
205,73,73
204,68,68
224,140,140
252,243,243
255,255,255
255,255,255
255,255,255
255,255,255
255,255,255
255,255,255
255,255,255
255,255,255
254,249,249
230,163,163
204,69,69
205,73,73
205,73,73
202,61,61
245,215,215
255,255,255
255,255,255
255,255,255
255,255,255
255,255,255
255,255,255
255,255,255
255,255,255
255,255,255
255,255,255
255,255,255
205,73,73
205,73,73
204,69,69
206,76,76
224,138,138
238,190,190
248,230,230
252,245,245
253,246,246
249,233,233
240,198,198
227,153,153
208,84,84
203,67,67
205,73,73
205,73,73
204,71,71
219,123,123
255,254,254
255,255,255
255,255,255
255,255,255
255,255,255
255,255,255
255,255,255
255,255,255
255,255,255
255,255,255
255,255,255
255,255,255
204,70,70
205,73,73
205,73,73
205,73,73
204,69,69
204,69,69
205,72,72
206,74,74
206,74,74
205,73,73
204,69,69
203,68,68
205,73,73
205,73,73
205,73,73
204,70,70
213,100,100
254,252,252
255,255,255
255,255,255
255,255,255
255,255,255
255,255,255
255,255,255
255,255,255
255,255,255
255,255,255
255,255,255
255,255,255
255,255,255
222,133,133
204,67,67
205,72,72
205,73,73
205,73,73
205,73,73
205,73,73
205,73,73
205,73,73
205,73,73
205,73,73
205,73,73
205,73,73
205,72,72
203,67,67
221,130,130
255,252,252
255,255,255
255,255,255
255,255,255
255,255,255
255,255,255
255,255,255
255,255,255
255,255,255
255,255,255
255,255,255
255,255,255
255,255,255
255,255,255
255,255,255
240,200,200
214,105,105
203,65,65
204,68,68
205,73,73
205,73,73
205,73,73
205,73,73
205,73,73
205,73,73
204,68,68
203,65,65
214,104,104
239,197,197
255,255,255
255,255,255
255,255,255
255,255,255
255,255,255
255,255,255
255,255,255
255,255,255
255,255,255
255,255,255
255,255,255
255,255,255
255,255,255
255,255,255
255,255,255
255,255,255
255,255,255
255,255,255
245,219,219
232,168,168
218,120,120
214,105,105
211,95,95
211,95,95
214,105,105
218,120,120
231,167,167
245,218,218
255,255,255
255,255,255
255,255,255
255,255,255
255,255,255
255,255,255
255,255,255
255,255,255
255,255,255
255,255,255
255,255,255
255,255,255
255,255,255
255,255,255
255,255,255
255,255,255
255,255,255
255,255,255
255,255,255
255,255,255
255,255,255
255,255,255
255,255,255
255,255,255
255,254,254
255,254,254
255,255,255
255,255,255
255,255,255
255,255,255
255,255,255
255,255,255
255,255,255
255,255,255
255,255,255
255,255,255
255,255,255
255,255,255
255,255,255
255,255,255
255,255,255
255,255,255
255,255,255
255,255,255
255,255,255
255,255,255
255,255,255
255,255,255
255,255,255
255,255,255
255,255,255
255,255,255
255,255,255
255,255,255
255,255,255
255,255,255
255,255,255
255,255,255
255,255,255
255,255,255
255,255,255
255,255,255
255,255,255
255,255,255
255,255,255
255,255,255
255,255,255
255,255,255
255,255,255
255,255,255
255,255,255
255,255,255
255,255,255
255,255,255
255,255,255
255,255,255
255,255,255
255,255,255
255,255,255
255,255,255
255,255,255
255,255,255
255,255,255
255,255,255
255,255,255
255,255,255
255,255,255
255,255,255
255,255,255
255,255,255
255,255,255
255,255,255
255,255,255
255,255,255
255,255,255
255,255,255
255,255,255
255,255,255
255,255,255
255,255,255
255,255,255
255,255,255
255,255,255
255,255,255
255,255,255
255,255,255
255,255,255
255,255,255
255,255,255
255,255,255
255,255,255
255,255,255
255,255,255
255,255,255
255,255,255
255,255,255
255,255,255
255,255,255
255,255,255
255,255,255
255,255,255
255,255,255
255,255,255
255,255,255
255,255,255
255,255,255
255,255,255
255,255,255
255,255,255
255,255,255
255,255,255
255,255,255
255,255,255
255,255,255
255,255,255
255,255,255
255,255,255
