192,192,192
255,255,255
255,255,255
255,255,255
255,255,255
255,255,255
255,255,255
255,255,255
255,255,255
255,255,255
255,255,255
255,255,255
255,255,255
255,255,255
255,255,255
255,255,255
255,255,255
255,255,255
255,255,255
255,255,255
255,255,255
255,255,255
255,255,255
255,255,255
255,255,255
255,255,255
255,255,255
255,255,255
255,255,255
255,255,255
170,170,171
184,184,185
184,184,185
184,184,185
184,184,185
184,184,185
184,184,185
184,184,185
184,184,185
184,184,185
184,184,185
184,184,185
184,184,185
184,184,185
184,184,185
184,184,185
184,184,185
176,176,177
252,252,252
255,255,255
255,255,255
255,255,255
255,255,255
255,255,255
255,255,255
255,255,255
255,255,255
255,255,255
255,255,255
255,255,255
27,27,30
27,27,30
27,27,30
27,27,30
27,27,30
27,27,30
27,27,30
27,27,30
27,27,30
27,27,30
27,27,30
27,27,30
27,27,30
27,27,30
27,27,30
27,27,30
27,27,30
5,5,7
245,245,245
255,255,255
255,255,255
255,255,255
255,255,255
255,255,255
255,255,255
255,255,255
255,255,255
255,255,255
255,255,255
255,255,255
35,35,38
35,35,38
35,35,38
35,35,38
35,35,38
35,35,38
35,35,38
35,35,38
35,35,38
35,35,38
35,35,38
35,35,38
35,35,38
35,35,38
35,35,38
35,35,38
35,35,38
10,10,14
246,246,246
255,255,255
255,255,255
255,255,255
255,255,255
255,255,255
255,255,255
255,255,255
255,255,255
255,255,255
255,255,255
255,255,255
31,31,34
31,31,34
31,31,34
31,31,34
31,31,34
31,31,34
31,31,34
31,31,34
31,31,34
31,31,34
31,31,34
31,31,34
31,31,34
31,31,34
31,31,34
31,31,34
31,31,34
7,7,10
245,245,245
255,255,255
255,255,255
255,255,255
255,255,255
255,255,255
255,255,255
255,255,255
255,255,255
255,255,255
255,255,255
255,255,255
148,148,149
148,148,149
148,148,149
148,148,149
148,148,149
148,148,149
148,148,149
148,148,149
148,148,149
148,148,149
148,148,149
148,148,149
148,148,149
148,148,149
148,148,149
148,148,149
148,148,149
136,136,138
250,250,251
255,255,255
255,255,255
255,255,255
255,255,255
255,255,255
255,255,255
255,255,255
255,255,255
255,255,255
255,255,255
255,255,255
255,255,255
255,255,255
255,255,255
255,255,255
253,253,253
241,241,241
232,232,233
229,229,229
237,237,237
246,246,246
255,255,255
255,255,255
255,255,255
255,255,255
255,255,255
255,255,255
255,255,255
255,255,255
255,255,255
255,255,255
255,255,255
255,255,255
255,255,255
255,255,255
255,255,255
255,255,255
255,255,255
255,255,255
255,255,255
247,247,247
255,255,255
248,248,248
206,206,207
133,133,135
60,60,63
40,40,43
33,33,36
30,30,33
37,37,40
44,44,47
91,91,93
168,168,170
234,234,235
255,255,255
255,255,255
255,255,255
255,255,255
255,255,255
255,255,255
255,255,255
255,255,255
255,255,255
255,255,255
255,255,255
255,255,255
255,255,255
255,255,255
255,255,255
251,251,251
113,113,115
193,193,194
53,53,56
26,26,29
34,34,37
35,35,38
35,35,38
35,35,38
35,35,38
35,35,38
35,35,38
35,35,38
33,33,36
21,21,24
112,112,114
239,239,239
255,255,255
255,255,255
255,255,255
255,255,255
255,255,255
255,255,255
255,255,255
255,255,255
255,255,255
255,255,255
255,255,255
255,255,255
252,252,252
125,125,127
27,27,30
21,21,24
35,35,38
35,35,38
35,35,38
35,35,38
35,35,38
35,35,38
35,35,38
35,35,38
35,35,38
35,35,38
35,35,38
35,35,38
32,32,35
31,31,34
216,216,217
255,255,255
255,255,255
255,255,255
255,255,255
255,255,255
255,255,255
255,255,255
255,255,255
255,255,255
255,255,255
254,254,254
131,131,133
25,25,28
35,35,38
35,35,38
35,35,38
34,34,37
34,34,37
32,32,34
27,27,30
26,26,29
25,25,29
27,27,30
30,30,32
33,33,36
34,34,37
35,35,38
35,35,38
35,35,38
22,22,25
216,216,217
255,255,255
255,255,255
255,255,255
255,255,255
255,255,255
255,255,255
255,255,255
255,255,255
254,254,254
133,133,135
26,26,29
35,35,38
35,35,38
35,35,38
28,28,31
43,43,46
151,151,153
238,238,239
255,255,255
255,255,255
255,255,255
255,255,255
248,248,249
196,196,197
71,71,73
22,22,25
35,35,38
35,35,38
36,36,39
15,15,18
252,252,252
255,255,255
255,255,255
255,255,255
255,255,255
255,255,255
255,255,255
254,254,254
136,136,137
26,26,28
35,35,38
35,35,38
35,35,38
24,24,27
146,146,147
255,255,255
255,255,255
255,255,255
255,255,255
255,255,255
255,255,255
255,255,255
255,255,255
255,255,255
255,255,255
225,225,226
23,23,26
36,36,39
35,35,38
34,34,37
101,101,102
255,255,255
255,255,255
255,255,255
255,255,255
255,255,255
255,255,255
227,227,227
29,29,32
35,35,38
35,35,38
35,35,38
35,35,38
167,167,168
255,255,255
255,255,255
255,255,255
255,255,255
255,255,255
255,255,255
255,255,255
255,255,255
255,255,255
255,255,255
255,255,255
255,255,255
236,236,236
21,21,24
36,36,39
35,35,38
25,25,28
249,249,249
255,255,255
255,255,255
255,255,255
255,255,255
255,255,255
255,255,255
229,229,229
36,36,39
35,35,38
35,35,38
35,35,38
250,250,250
255,255,255
255,255,255
255,255,255
255,255,255
255,255,255
255,255,255
255,255,255
255,255,255
255,255,255
255,255,255
255,255,255
255,255,255
255,255,255
176,176,178
27,27,30
35,35,38
20,20,23
215,215,215
255,255,255
255,255,255
255,255,255
255,255,255
255,255,255
255,255,255
255,255,255
224,224,224
31,31,34
35,35,38
35,35,38
255,255,255
255,255,255
255,255,255
255,255,255
255,255,255
255,255,255
255,255,255
255,255,255
255,255,255
255,255,255
255,255,255
255,255,255
255,255,255
255,255,255
239,239,239
18,18,21
35,35,38
28,28,31
175,175,176
255,255,255
255,255,255
255,255,255
255,255,255
255,255,255
255,255,255
255,255,255
255,255,255
217,217,218
34,34,37
35,35,38
255,255,255
255,255,255
255,255,255
255,255,255
255,255,255
255,255,255
255,255,255
255,255,255
255,255,255
255,255,255
255,255,255
255,255,255
255,255,255
255,255,255
244,244,244
32,32,35
35,35,38
32,32,35
150,150,151
255,255,255
255,255,255
255,255,255
255,255,255
255,255,255
255,255,255
255,255,255
255,255,255
255,255,255
212,212,212
26,26,29
255,255,255
255,255,255
255,255,255
255,255,255
255,255,255
255,255,255
255,255,255
255,255,255
255,255,255
255,255,255
255,255,255
255,255,255
255,255,255
255,255,255
238,238,239
17,17,21
35,35,38
25,25,29
185,185,186
255,255,255
255,255,255
255,255,255
255,255,255
255,255,255
255,255,255
255,255,255
255,255,255
255,255,255
255,255,255
199,199,199
242,242,242
255,255,255
255,255,255
255,255,255
255,255,255
255,255,255
255,255,255
255,255,255
255,255,255
255,255,255
255,255,255
255,255,255
255,255,255
255,255,255
161,161,161
29,29,32
35,35,38
16,16,19
229,229,230
255,255,255
255,255,255
255,255,255
255,255,255
255,255,255
255,255,255
255,255,255
255,255,255
255,255,255
255,255,255
255,255,255
108,108,110
251,251,251
255,255,255
255,255,255
255,255,255
255,255,255
255,255,255
255,255,255
255,255,255
255,255,255
255,255,255
255,255,255
255,255,255
218,218,218
26,26,29
35,35,38
35,35,38
33,33,36
251,251,251
255,255,255
255,255,255
255,255,255
255,255,255
255,255,255
255,255,255
255,255,255
255,255,255
255,255,255
255,255,255
255,255,255
30,30,33
86,86,88
229,229,229
255,255,255
255,255,255
255,255,255
255,255,255
255,255,255
255,255,255
255,255,255
255,255,255
253,253,253
171,171,172
36,36,39
35,35,38
35,35,38
34,34,37
156,156,158
255,255,255
255,255,255
255,255,255
255,255,255
255,255,255
255,255,255
255,255,255
255,255,255
255,255,255
255,255,255
255,255,255
255,255,255
35,35,38
33,33,36
33,33,36
96,96,98
169,169,171
217,217,218
240,240,240
245,245,246
232,232,233
197,197,198
142,142,143
59,59,62
27,27,30
36,36,39
35,35,38
33,33,36
49,49,51
254,254,254
255,255,255
255,255,255
255,255,255
255,255,255
255,255,255
255,255,255
255,255,255
255,255,255
255,255,255
255,255,255
255,255,255
255,255,255
35,35,38
35,35,38
35,35,38
31,31,34
29,29,32
33,33,36
36,36,38
37,37,39
35,35,38
32,32,35
28,28,31
34,34,37
35,35,38
35,35,38
34,34,37
41,41,43
233,233,234
255,255,255
255,255,255
255,255,255
255,255,255
255,255,255
255,255,255
255,255,255
255,255,255
255,255,255
255,255,255
255,255,255
255,255,255
255,255,255
31,31,33
32,32,35
35,35,38
35,35,38
35,35,38
35,35,38
35,35,38
35,35,38
35,35,38
35,35,38
35,35,38
35,35,38
34,34,37
26,26,29
80,80,82
236,236,236
255,255,255
255,255,255
255,255,255
255,255,255
255,255,255
255,255,255
255,255,255
255,255,255
255,255,255
255,255,255
255,255,255
255,255,255
255,255,255
255,255,255
207,207,207
91,91,93
29,29,32
26,26,29
34,34,37
35,35,38
35,35,38
35,35,38
35,35,38
35,35,38
30,30,33
23,23,26
59,59,62
165,165,165
255,255,255
255,255,255
255,255,255
255,255,255
255,255,255
255,255,255
255,255,255
255,255,255
255,255,255
255,255,255
255,255,255
255,255,255
255,255,255
255,255,255
255,255,255
255,255,255
255,255,255
255,255,255
222,222,222
163,163,164
98,98,100
76,76,78
63,63,66
59,59,62
71,71,74
85,85,87
138,138,139
199,199,200
255,255,255
255,255,255
255,255,255
255,255,255
255,255,255
255,255,255
255,255,255
255,255,255
255,255,255
255,255,255
255,255,255
255,255,255
255,255,255
255,255,255
255,255,255
255,255,255
255,255,255
255,255,255
255,255,255
255,255,255
255,255,255
255,255,255
255,255,255
255,255,255
255,255,255
254,254,254
255,255,255
255,255,255
255,255,255
255,255,255
255,255,255
255,255,255
255,255,255
255,255,255
255,255,255
255,255,255
255,255,255
255,255,255
255,255,255
255,255,255
255,255,255
255,255,255
255,255,255
255,255,255
255,255,255
255,255,255
255,255,255
255,255,255
255,255,255
255,255,255
255,255,255
255,255,255
255,255,255
255,255,255
255,255,255
255,255,255
255,255,255
255,255,255
255,255,255
255,255,255
255,255,255
255,255,255
255,255,255
255,255,255
255,255,255
255,255,255
255,255,255
255,255,255
255,255,255
255,255,255
255,255,255
255,255,255
255,255,255
255,255,255
255,255,255
255,255,255
255,255,255
255,255,255
255,255,255
255,255,255
255,255,255
255,255,255
255,255,255
255,255,255
255,255,255
255,255,255
255,255,255
255,255,255
255,255,255
255,255,255
255,255,255
255,255,255
255,255,255
255,255,255
255,255,255
255,255,255
255,255,255
255,255,255
255,255,255
255,255,255
255,255,255
255,255,255
255,255,255
255,255,255
255,255,255
255,255,255
255,255,255
255,255,255
255,255,255
255,255,255
255,255,255
255,255,255
255,255,255
255,255,255
255,255,255
255,255,255
255,255,255
255,255,255
255,255,255
255,255,255
255,255,255
255,255,255
255,255,255
255,255,255
255,255,255
255,255,255
255,255,255
255,255,255
255,255,255
255,255,255
255,255,255
255,255,255
255,255,255
255,255,255
255,255,255
255,255,255
255,255,255
255,255,255
