255,255,255
255,255,255
255,255,255
255,255,255
255,255,255
255,255,255
255,255,255
255,255,255
255,255,255
255,255,255
255,255,255
255,255,255
255,255,255
255,255,255
255,255,255
254,254,254
229,229,229
230,230,231
228,228,228
254,254,254
255,255,255
255,255,255
255,255,255
255,255,255
255,255,255
255,255,255
255,255,255
255,255,255
255,255,255
255,255,255
227,227,228
141,141,142
254,254,254
255,255,255
255,255,255
255,255,255
255,255,255
255,255,255
255,255,255
255,255,255
255,255,255
255,255,255
255,255,255
255,255,255
254,254,254
129,129,131
34,34,37
36,36,39
11,11,13
248,248,248
255,255,255
255,255,255
255,255,255
255,255,255
255,255,255
255,255,255
255,255,255
255,255,255
255,255,255
255,255,255
38,38,41
22,22,25
170,170,171
255,255,255
255,255,255
255,255,255
255,255,255
255,255,255
255,255,255
255,255,255
255,255,255
255,255,255
255,255,255
255,255,255
165,165,167
24,24,27
35,35,38
35,35,38
10,10,13
248,248,248
255,255,255
255,255,255
255,255,255
255,255,255
255,255,255
255,255,255
255,255,255
255,255,255
255,255,255
255,255,255
35,35,38
36,36,39
28,28,31
212,212,213
255,255,255
255,255,255
255,255,255
255,255,255
255,255,255
255,255,255
255,255,255
255,255,255
255,255,255
199,199,200
22,22,25
36,36,39
35,35,38
35,35,38
10,10,13
248,248,248
255,255,255
255,255,255
255,255,255
255,255,255
255,255,255
255,255,255
255,255,255
255,255,255
255,255,255
255,255,255
35,35,38
31,31,34
80,80,82
233,233,233
255,255,255
255,255,255
255,255,255
255,255,255
255,255,255
255,255,255
255,255,255
255,255,255
217,217,217
27,27,30
35,35,38
35,35,38
35,35,38
35,35,38
10,10,13
248,248,248
255,255,255
255,255,255
255,255,255
255,255,255
255,255,255
255,255,255
255,255,255
255,255,255
255,255,255
255,255,255
32,32,35
76,76,78
245,245,245
255,255,255
255,255,255
255,255,255
255,255,255
255,255,255
255,255,255
255,255,255
255,255,255
238,238,238
46,46,48
35,35,38
35,35,38
31,31,34
35,35,38
35,35,38
10,10,13
248,248,248
255,255,255
255,255,255
255,255,255
255,255,255
255,255,255
255,255,255
252,252,252
230,230,231
230,230,231
250,250,251
37,37,40
237,237,237
255,255,255
255,255,255
255,255,255
255,255,255
255,255,255
255,255,255
255,255,255
255,255,255
246,246,246
73,73,75
35,35,38
35,35,38
33,33,36
97,97,99
34,34,37
35,35,38
10,10,13
248,248,248
255,255,255
255,255,255
255,255,255
255,255,255
255,255,255
233,233,233
84,84,87
18,18,21
18,18,21
83,83,86
148,148,150
255,255,255
255,255,255
255,255,255
255,255,255
255,255,255
255,255,255
255,255,255
255,255,255
251,251,251
105,105,107
29,29,32
35,35,38
29,29,32
112,112,114
197,197,198
33,33,36
35,35,38
10,10,13
248,248,248
255,255,255
255,255,255
255,255,255
255,255,255
252,252,252
60,60,62
32,32,35
35,35,38
35,35,38
34,34,37
199,199,200
255,255,255
255,255,255
255,255,255
255,255,255
255,255,255
255,255,255
255,255,255
254,254,254
145,145,147
28,28,31
35,35,38
33,33,36
73,73,75
255,255,255
183,183,183
33,33,36
35,35,38
10,10,13
248,248,248
255,255,255
255,255,255
255,255,255
255,255,255
203,203,204
26,26,29
35,35,38
35,35,38
35,35,38
35,35,38
200,200,200
255,255,255
255,255,255
255,255,255
255,255,255
255,255,255
255,255,255
255,255,255
174,174,175
20,20,23
35,35,38
34,34,37
48,48,51
255,255,255
255,255,255
183,183,183
33,33,36
35,35,38
10,10,13
248,248,248
255,255,255
255,255,255
255,255,255
255,255,255
197,197,198
24,24,27
35,35,38
35,35,38
35,35,38
35,35,38
139,139,141
255,255,255
255,255,255
255,255,255
255,255,255
255,255,255
254,254,254
175,175,176
24,24,27
35,35,38
35,35,38
33,33,36
235,235,235
255,255,255
255,255,255
183,183,183
33,33,36
35,35,38
10,10,13
248,248,248
255,255,255
255,255,255
255,255,255
255,255,255
251,251,252
47,47,50
34,34,37
35,35,38
35,35,38
35,35,38
24,24,27
211,211,211
254,254,254
255,255,255
255,255,255
250,250,250
137,137,139
20,20,23
35,35,38
36,36,39
29,29,32
202,202,203
255,255,255
255,255,255
255,255,255
183,183,183
33,33,36
35,35,38
10,10,13
248,248,248
255,255,255
255,255,255
255,255,255
255,255,255
255,255,255
222,222,222
46,46,49
19,19,22
19,19,23
45,45,48
35,35,38
22,22,25
77,77,80
140,140,141
107,107,109
29,29,32
33,33,36
35,35,38
35,35,38
25,25,28
161,161,163
255,255,255
255,255,255
255,255,255
255,255,255
183,183,183
33,33,36
35,35,38
10,10,13
248,248,248
255,255,255
255,255,255
255,255,255
255,255,255
255,255,255
255,255,255
255,255,255
242,242,242
242,242,242
255,255,255
35,35,38
35,35,38
34,34,37
34,34,37
34,34,37
35,35,38
35,35,38
35,35,38
25,25,28
147,147,148
255,255,255
255,255,255
255,255,255
255,255,255
255,255,255
183,183,183
33,33,36
35,35,38
10,10,13
248,248,248
255,255,255
255,255,255
255,255,255
255,255,255
255,255,255
255,255,255
255,255,255
255,255,255
255,255,255
255,255,255
35,35,38
35,35,38
35,35,38
35,35,38
35,35,38
35,35,38
35,35,38
21,21,24
161,161,162
254,254,254
255,255,255
255,255,255
255,255,255
255,255,255
255,255,255
183,183,183
33,33,36
35,35,38
10,10,13
248,248,248
255,255,255
255,255,255
255,255,255
255,255,255
255,255,255
255,255,255
255,255,255
255,255,255
255,255,255
255,255,255
52,52,55
19,19,22
24,24,28
27,27,30
23,23,26
19,19,22
65,65,67
216,216,217
255,255,255
255,255,255
255,255,255
255,255,255
255,255,255
255,255,255
255,255,255
183,183,183
33,33,36
35,35,38
10,10,13
248,248,248
255,255,255
255,255,255
255,255,255
255,255,255
255,255,255
255,255,255
255,255,255
255,255,255
255,255,255
255,255,255
249,249,249
228,228,228
182,182,183
163,163,163
187,187,188
229,229,229
251,251,251
255,255,255
255,255,255
255,255,255
255,255,255
255,255,255
255,255,255
255,255,255
255,255,255
201,201,202
89,89,92
93,93,94
77,77,79
250,250,250
255,255,255
255,255,255
255,255,255
255,255,255
255,255,255
255,255,255
255,255,255
255,255,255
255,255,255
255,255,255
255,255,255
255,255,255
255,255,255
255,255,255
255,255,255
255,255,255
255,255,255
255,255,255
255,255,255
255,255,255
255,255,255
255,255,255
255,255,255
255,255,255
255,255,255
255,255,255
255,255,255
255,255,255
255,255,255
255,255,255
255,255,255
255,255,255
255,255,255
255,255,255
255,255,255
255,255,255
255,255,255
255,255,255
255,255,255
255,255,255
255,255,255
255,255,255
255,255,255
255,255,255
255,255,255
255,255,255
255,255,255
255,255,255
255,255,255
255,255,255
255,255,255
255,255,255
255,255,255
255,255,255
255,255,255
255,255,255
255,255,255
255,255,255
255,255,255
255,255,255
255,255,255
255,255,255
255,255,255
255,255,255
255,255,255
255,255,255
255,255,255
255,255,255
255,255,255
255,255,255
255,255,255
255,255,255
255,255,255
255,255,255
255,255,255
255,255,255
255,255,255
255,255,255
255,255,255
255,255,255
255,255,255
255,255,255
255,255,255
255,255,255
255,255,255
255,255,255
255,255,255
255,255,255
255,255,255
255,255,255
255,255,255
255,255,255
255,255,255
255,255,255
255,255,255
255,255,255
255,255,255
255,255,255
255,255,255
255,255,255
255,255,255
255,255,255
255,255,255
255,255,255
255,255,255
255,255,255
255,255,255
255,255,255
255,255,255
255,255,255
255,255,255
255,255,255
255,255,255
255,255,255
255,255,255
255,255,255
255,255,255
255,255,255
255,255,255
255,255,255
255,255,255
255,255,255
255,255,255
255,255,255
255,255,255
255,255,255
255,255,255
255,255,255
255,255,255
255,255,255
255,255,255
255,255,255
255,255,255
255,255,255
255,255,255
255,255,255
255,255,255
255,255,255
255,255,255
255,255,255
255,255,255
255,255,255
255,255,255
255,255,255
255,255,255
255,255,255
255,255,255
255,255,255
255,255,255
255,255,255
255,255,255
255,255,255
255,255,255
255,255,255
255,255,255
255,255,255
255,255,255
255,255,255
255,255,255
255,255,255
255,255,255
255,255,255
255,255,255
255,255,255
255,255,255
255,255,255
255,255,255
255,255,255
255,255,255
255,255,255
255,255,255
255,255,255
255,255,255
255,255,255
255,255,255
255,255,255
255,255,255
255,255,255
255,255,255
255,255,255
255,255,255
255,255,255
255,255,255
255,255,255
255,255,255
255,255,255
255,255,255
255,255,255
255,255,255
255,255,255
255,255,255
255,255,255
255,255,255
255,255,255
255,255,255
255,255,255
255,255,255
255,255,255
255,255,255
255,255,255
255,255,255
255,255,255
255,255,255
255,255,255
255,255,255
255,255,255
255,255,255
255,255,255
255,255,255
255,255,255
255,255,255
255,255,255
255,255,255
255,255,255
255,255,255
255,255,255
255,255,255
255,255,255
255,255,255
255,255,255
255,255,255
255,255,255
255,255,255
255,255,255
255,255,255
255,255,255
255,255,255
255,255,255
255,255,255
255,255,255
255,255,255
255,255,255
255,255,255
255,255,255
255,255,255
255,255,255
255,255,255
255,255,255
255,255,255
255,255,255
255,255,255
255,255,255
255,255,255
255,255,255
255,255,255
255,255,255
255,255,255
255,255,255
255,255,255
255,255,255
255,255,255
255,255,255
255,255,255
255,255,255
255,255,255
255,255,255
255,255,255
255,255,255
255,255,255
255,255,255
255,255,255
255,255,255
255,255,255
255,255,255
255,255,255
255,255,255
255,255,255
255,255,255
255,255,255
255,255,255
255,255,255
255,255,255
255,255,255
255,255,255
255,255,255
255,255,255
255,255,255
255,255,255
255,255,255
255,255,255
255,255,255
255,255,255
255,255,255
255,255,255
255,255,255
255,255,255
255,255,255
255,255,255
255,255,255
255,255,255
255,255,255
255,255,255
255,255,255
255,255,255
255,255,255
255,255,255
255,255,255
255,255,255
255,255,255
255,255,255
255,255,255
255,255,255
255,255,255
255,255,255
255,255,255
255,255,255
255,255,255
255,255,255
255,255,255
255,255,255
255,255,255
255,255,255
255,255,255
255,255,255
255,255,255
255,255,255
255,255,255
255,255,255
255,255,255
255,255,255
255,255,255
255,255,255
255,255,255
255,255,255
255,255,255
255,255,255
255,255,255
255,255,255
255,255,255
255,255,255
255,255,255
255,255,255
255,255,255
255,255,255
255,255,255
255,255,255
255,255,255
255,255,255
255,255,255
255,255,255
255,255,255
255,255,255
255,255,255
255,255,255
255,255,255
255,255,255
255,255,255
255,255,255
255,255,255
255,255,255
255,255,255
255,255,255
255,255,255
255,255,255
255,255,255
255,255,255
255,255,255
255,255,255
255,255,255
255,255,255
255,255,255
255,255,255
255,255,255
255,255,255
255,255,255
255,255,255
255,255,255
255,255,255
255,255,255
255,255,255
255,255,255
255,255,255
255,255,255
255,255,255
255,255,255
255,255,255
255,255,255
255,255,255
255,255,255
255,255,255
255,255,255
255,255,255
255,255,255
255,255,255
255,255,255
255,255,255
255,255,255
255,255,255
255,255,255
255,255,255
255,255,255
255,255,255
255,255,255
255,255,255
255,255,255
255,255,255
255,255,255
255,255,255
255,255,255
255,255,255
