255,255,255
255,255,255
255,255,255
255,255,255
255,255,255
255,255,255
255,255,255
255,255,255
255,255,255
255,255,255
255,255,255
255,255,255
255,255,255
255,255,255
255,255,255
225,225,226
255,255,255
255,255,255
255,255,255
255,255,255
255,255,255
255,255,255
255,255,255
255,255,255
255,255,255
255,255,255
255,255,255
255,255,255
255,255,255
255,255,255
246,246,246
255,255,255
255,255,255
255,255,255
255,255,255
255,255,255
255,255,255
255,255,255
255,255,255
255,255,255
255,255,255
255,255,255
255,255,255
255,255,255
203,203,204
24,24,28
195,195,196
255,255,255
255,255,255
255,255,255
255,255,255
255,255,255
255,255,255
255,255,255
255,255,255
255,255,255
255,255,255
255,255,255
255,255,255
255,255,255
164,164,165
255,255,255
255,255,255
255,255,255
255,255,255
255,255,255
255,255,255
255,255,255
255,255,255
255,255,255
255,255,255
255,255,255
255,255,255
210,210,211
27,27,30
36,36,39
24,24,27
228,228,229
255,255,255
255,255,255
255,255,255
255,255,255
255,255,255
255,255,255
255,255,255
255,255,255
255,255,255
255,255,255
255,255,255
255,255,255
164,164,165
255,255,255
255,255,255
255,255,255
255,255,255
255,255,255
255,255,255
255,255,255
255,255,255
255,255,255
255,255,255
255,255,255
252,252,252
72,72,75
34,34,37
35,35,38
35,35,38
55,55,58
252,252,252
255,255,255
255,255,255
255,255,255
255,255,255
255,255,255
255,255,255
255,255,255
255,255,255
255,255,255
255,255,255
255,255,255
164,164,165
255,255,255
255,255,255
255,255,255
255,255,255
255,255,255
255,255,255
255,255,255
255,255,255
255,255,255
255,255,255
255,255,255
255,255,255
243,243,243
52,52,55
34,34,37
35,35,38
23,23,26
194,194,195
255,255,255
255,255,255
255,255,255
255,255,255
255,255,255
255,255,255
255,255,255
255,255,255
255,255,255
255,255,255
255,255,255
164,164,165
255,255,255
255,255,255
255,255,255
255,255,255
255,255,255
201,201,201
192,192,193
234,234,234
254,254,254
255,255,255
255,255,255
255,255,255
255,255,255
224,224,225
21,21,25
35,35,38
36,36,39
77,77,80
254,254,254
255,255,255
255,255,255
255,255,255
255,255,255
255,255,255
255,255,255
252,252,252
231,231,231
230,230,231
250,250,250
164,164,165
255,255,255
255,255,255
255,255,255
255,255,255
178,178,179
27,27,29
28,28,31
23,23,26
235,235,235
255,255,255
255,255,255
255,255,255
255,255,255
255,255,255
89,89,91
35,35,38
35,35,38
13,13,16
245,245,245
255,255,255
255,255,255
255,255,255
255,255,255
255,255,255
233,233,233
85,85,87
18,18,21
17,17,20
84,84,86
164,164,165
255,255,255
255,255,255
255,255,255
163,163,165
25,25,28
36,36,39
35,35,38
33,33,36
233,233,234
255,255,255
255,255,255
255,255,255
255,255,255
255,255,255
210,210,210
32,32,35
35,35,38
22,22,25
238,238,238
255,255,255
255,255,255
255,255,255
255,255,255
252,252,252
60,60,62
32,32,35
35,35,38
35,35,38
34,34,37
164,164,165
255,255,255
254,254,254
152,152,154
27,27,29
35,35,38
35,35,38
35,35,38
33,33,36
216,216,217
255,255,255
255,255,255
255,255,255
255,255,255
255,255,255
233,233,233
27,27,30
35,35,38
29,29,32
219,219,220
255,255,255
255,255,255
255,255,255
255,255,255
203,203,204
26,26,29
35,35,38
35,35,38
35,35,38
35,35,38
164,164,165
254,254,254
137,137,138
25,25,28
35,35,38
34,34,37
33,33,37
35,35,38
32,32,35
190,190,190
255,255,255
255,255,255
255,255,255
255,255,255
255,255,255
235,235,235
25,25,28
35,35,38
30,30,33
215,215,215
255,255,255
255,255,255
255,255,255
255,255,255
197,197,198
24,24,27
35,35,38
35,35,38
35,35,38
35,35,38
172,172,174
123,123,125
29,29,32
35,35,38
35,35,38
55,55,58
73,73,75
33,33,36
30,30,33
122,122,124
255,255,255
255,255,255
255,255,255
255,255,255
255,255,255
204,204,205
32,32,35
35,35,38
25,25,28
228,228,228
255,255,255
255,255,255
255,255,255
255,255,255
251,251,251
47,47,50
34,34,37
35,35,38
35,35,38
35,35,38
46,46,48
31,31,34
35,35,38
35,35,38
46,46,48
234,234,234
152,152,154
25,25,28
35,35,38
36,36,39
249,249,249
255,255,255
255,255,255
255,255,255
249,249,249
43,43,46
35,35,38
35,35,38
11,11,15
246,246,246
255,255,255
255,255,255
255,255,255
255,255,255
255,255,255
221,221,222
46,46,49
19,19,22
19,19,23
45,45,48
35,35,38
35,35,38
35,35,38
38,38,41
239,239,239
255,255,255
197,197,197
27,27,30
35,35,38
35,35,38
41,41,44
217,217,218
254,254,254
217,217,218
53,53,56
35,35,38
35,35,38
36,36,39
91,91,93
254,254,254
255,255,255
255,255,255
255,255,255
255,255,255
255,255,255
255,255,255
255,255,255
242,242,242
241,241,242
255,255,255
35,35,38
35,35,38
51,51,54
240,240,240
255,255,255
255,255,255
254,254,254
68,68,70
36,36,39
35,35,38
35,35,38
22,22,25
12,12,16
23,23,26
35,35,38
35,35,38
35,35,38
11,11,14
242,242,242
255,255,255
255,255,255
255,255,255
255,255,255
255,255,255
255,255,255
255,255,255
255,255,255
255,255,255
255,255,255
255,255,255
34,34,37
47,47,50
240,240,240
255,255,255
255,255,255
255,255,255
255,255,255
208,208,208
21,21,24
36,36,39
35,35,38
35,35,38
35,35,38
35,35,38
35,35,38
35,35,38
27,27,30
169,169,171
255,255,255
255,255,255
255,255,255
255,255,255
255,255,255
255,255,255
255,255,255
255,255,255
255,255,255
255,255,255
255,255,255
255,255,255
61,61,64
241,241,242
255,255,255
255,255,255
255,255,255
255,255,255
255,255,255
255,255,255
194,194,195
29,29,32
25,25,28
35,35,38
35,35,38
35,35,38
23,23,26
28,28,31
187,187,188
255,255,255
255,255,255
255,255,255
255,255,255
255,255,255
255,255,255
255,255,255
255,255,255
255,255,255
255,255,255
255,255,255
255,255,255
255,255,255
244,244,244
255,255,255
255,255,255
255,255,255
255,255,255
255,255,255
255,255,255
255,255,255
255,255,255
240,240,240
173,173,174
104,104,107
89,89,91
109,109,111
185,185,186
240,240,241
255,255,255
255,255,255
255,255,255
255,255,255
255,255,255
255,255,255
255,255,255
255,255,255
255,255,255
255,255,255
255,255,255
255,255,255
255,255,255
255,255,255
255,255,255
255,255,255
255,255,255
255,255,255
255,255,255
255,255,255
255,255,255
255,255,255
255,255,255
255,255,255
255,255,255
255,255,255
255,255,255
255,255,255
255,255,255
255,255,255
255,255,255
255,255,255
255,255,255
255,255,255
255,255,255
255,255,255
255,255,255
255,255,255
255,255,255
255,255,255
255,255,255
255,255,255
255,255,255
255,255,255
255,255,255
255,255,255
255,255,255
255,255,255
255,255,255
255,255,255
255,255,255
255,255,255
255,255,255
255,255,255
255,255,255
255,255,255
255,255,255
255,255,255
255,255,255
255,255,255
255,255,255
255,255,255
255,255,255
255,255,255
255,255,255
255,255,255
255,255,255
255,255,255
255,255,255
255,255,255
255,255,255
255,255,255
255,255,255
255,255,255
255,255,255
255,255,255
255,255,255
255,255,255
255,255,255
255,255,255
255,255,255
255,255,255
255,255,255
255,255,255
255,255,255
255,255,255
255,255,255
255,255,255
255,255,255
255,255,255
255,255,255
255,255,255
255,255,255
255,255,255
255,255,255
255,255,255
255,255,255
255,255,255
255,255,255
255,255,255
255,255,255
255,255,255
255,255,255
255,255,255
255,255,255
255,255,255
255,255,255
255,255,255
255,255,255
255,255,255
255,255,255
255,255,255
255,255,255
255,255,255
255,255,255
255,255,255
255,255,255
255,255,255
255,255,255
255,255,255
255,255,255
255,255,255
255,255,255
255,255,255
255,255,255
255,255,255
255,255,255
255,255,255
255,255,255
255,255,255
255,255,255
255,255,255
255,255,255
255,255,255
255,255,255
255,255,255
255,255,255
255,255,255
255,255,255
255,255,255
255,255,255
255,255,255
255,255,255
255,255,255
255,255,255
255,255,255
255,255,255
255,255,255
255,255,255
255,255,255
255,255,255
255,255,255
255,255,255
255,255,255
255,255,255
255,255,255
255,255,255
255,255,255
255,255,255
255,255,255
255,255,255
255,255,255
255,255,255
255,255,255
255,255,255
255,255,255
255,255,255
255,255,255
255,255,255
255,255,255
255,255,255
255,255,255
255,255,255
255,255,255
255,255,255
255,255,255
255,255,255
255,255,255
255,255,255
255,255,255
255,255,255
255,255,255
255,255,255
255,255,255
255,255,255
255,255,255
255,255,255
255,255,255
255,255,255
255,255,255
255,255,255
255,255,255
255,255,255
255,255,255
255,255,255
255,255,255
255,255,255
255,255,255
255,255,255
255,255,255
255,255,255
255,255,255
255,255,255
255,255,255
255,255,255
255,255,255
255,255,255
255,255,255
255,255,255
255,255,255
255,255,255
255,255,255
255,255,255
255,255,255
255,255,255
255,255,255
255,255,255
255,255,255
255,255,255
255,255,255
255,255,255
255,255,255
255,255,255
255,255,255
255,255,255
255,255,255
255,255,255
255,255,255
255,255,255
255,255,255
255,255,255
255,255,255
255,255,255
255,255,255
255,255,255
255,255,255
255,255,255
255,255,255
255,255,255
255,255,255
255,255,255
255,255,255
255,255,255
255,255,255
255,255,255
255,255,255
255,255,255
255,255,255
255,255,255
255,255,255
255,255,255
255,255,255
255,255,255
255,255,255
255,255,255
255,255,255
255,255,255
255,255,255
255,255,255
255,255,255
255,255,255
255,255,255
255,255,255
255,255,255
255,255,255
255,255,255
255,255,255
255,255,255
255,255,255
255,255,255
255,255,255
255,255,255
255,255,255
255,255,255
255,255,255
255,255,255
255,255,255
255,255,255
255,255,255
255,255,255
255,255,255
255,255,255
255,255,255
255,255,255
255,255,255
255,255,255
255,255,255
255,255,255
255,255,255
255,255,255
255,255,255
255,255,255
255,255,255
255,255,255
255,255,255
255,255,255
255,255,255
255,255,255
255,255,255
255,255,255
255,255,255
255,255,255
255,255,255
255,255,255
255,255,255
255,255,255
255,255,255
255,255,255
255,255,255
255,255,255
255,255,255
255,255,255
255,255,255
255,255,255
255,255,255
255,255,255
255,255,255
255,255,255
255,255,255
255,255,255
255,255,255
255,255,255
255,255,255
255,255,255
255,255,255
255,255,255
255,255,255
255,255,255
255,255,255
255,255,255
255,255,255
255,255,255
255,255,255
255,255,255
255,255,255
255,255,255
255,255,255
255,255,255
255,255,255
255,255,255
255,255,255
255,255,255
255,255,255
255,255,255
255,255,255
255,255,255
255,255,255
255,255,255
255,255,255
255,255,255
255,255,255
255,255,255
255,255,255
255,255,255
255,255,255
255,255,255
255,255,255
255,255,255
255,255,255
255,255,255
255,255,255
255,255,255
255,255,255
255,255,255
255,255,255
255,255,255
255,255,255
255,255,255
255,255,255
255,255,255
255,255,255
255,255,255
255,255,255
255,255,255
255,255,255
255,255,255
255,255,255
255,255,255
255,255,255
255,255,255
255,255,255
255,255,255
255,255,255
255,255,255
255,255,255
255,255,255
255,255,255
255,255,255
255,255,255
255,255,255
255,255,255
255,255,255
255,255,255
255,255,255
255,255,255
255,255,255
255,255,255
255,255,255
255,255,255
255,255,255
255,255,255
255,255,255
255,255,255
255,255,255
