255,255,255
255,255,255
255,255,255
255,255,255
255,255,255
255,255,255
255,255,255
255,255,255
255,255,255
255,255,255
255,255,255
255,255,255
255,255,255
255,255,255
255,255,255
255,255,255
255,255,255
255,255,255
255,255,255
255,255,255
255,255,255
255,255,255
255,255,255
255,255,255
255,255,255
255,255,255
255,255,255
255,255,255
255,255,255
255,255,255
255,255,255
255,255,255
255,255,255
255,255,255
255,255,255
255,255,255
255,255,255
255,255,255
255,255,255
255,255,255
255,255,255
255,255,255
255,255,255
255,255,255
253,248,248
217,116,116
255,255,255
255,255,255
255,255,255
255,255,255
255,255,255
255,255,255
255,255,255
255,255,255
255,255,255
255,255,255
255,255,255
255,255,255
255,255,255
255,255,255
241,202,202
255,255,255
255,255,255
255,255,255
255,255,255
255,255,255
255,255,255
255,255,255
255,255,255
255,255,255
255,255,255
255,255,255
255,255,255
254,250,250
215,110,110
203,68,68
211,95,95
255,254,254
255,255,255
255,255,255
255,255,255
255,255,255
255,255,255
255,255,255
255,255,255
255,255,255
255,255,255
255,255,255
255,255,255
255,255,255
235,179,179
255,255,255
255,255,255
255,255,255
255,255,255
255,255,255
255,255,255
255,255,255
255,255,255
255,255,255
255,255,255
255,255,255
254,252,252
219,123,123
204,69,69
205,73,73
204,71,71
226,149,149
255,255,255
255,255,255
255,255,255
255,255,255
255,255,255
255,255,255
255,255,255
255,255,255
255,255,255
255,255,255
255,255,255
239,195,195
235,180,180
255,255,255
255,255,255
255,255,255
255,255,255
255,255,255
255,255,255
255,255,255
255,255,255
255,255,255
255,255,255
255,255,255
255,255,255
238,193,193
203,66,66
205,73,73
205,73,73
201,60,60
250,236,236
255,255,255
255,255,255
255,255,255
255,255,255
255,255,255
255,255,255
255,255,255
255,255,255
255,255,255
236,183,183
204,69,69
235,180,180
255,255,255
255,255,255
255,255,255
255,255,255
255,255,255
254,250,250
254,250,250
255,255,255
255,255,255
255,255,255
255,255,255
255,255,255
255,255,255
234,176,176
203,65,65
205,73,73
204,71,71
226,145,145
255,255,255
255,255,255
255,255,255
255,255,255
255,255,255
255,255,255
255,255,255
255,255,255
231,165,165
203,67,67
205,74,74
235,180,180
255,255,255
255,255,255
255,255,255
255,255,255
250,238,238
214,104,104
210,92,92
223,137,137
253,247,247
255,255,255
255,255,255
255,255,255
255,255,255
254,251,251
208,84,84
205,73,73
205,73,73
203,66,66
254,250,250
255,255,255
255,255,255
255,255,255
255,255,255
255,255,255
255,255,255
227,153,153
203,67,67
205,73,73
205,73,73
235,180,180
255,255,255
255,255,255
255,255,255
249,233,233
211,94,94
204,71,71
205,73,73
204,70,70
250,236,236
255,255,255
255,255,255
255,255,255
255,255,255
255,255,255
235,181,181
205,72,72
205,73,73
202,59,59
252,243,243
255,255,255
255,255,255
255,255,255
255,255,255
254,252,252
223,137,137
203,67,67
205,73,73
205,73,73
205,73,73
235,180,180
255,255,255
255,255,255
248,231,231
209,88,88
204,71,71
205,73,73
205,73,73
205,71,71
249,231,231
255,255,255
255,255,255
255,255,255
255,255,255
255,255,255
249,231,231
204,68,68
205,73,73
203,65,65
249,232,232
255,255,255
255,255,255
255,255,255
255,255,255
219,124,124
204,68,68
205,73,73
205,73,73
205,73,73
205,73,73
235,180,180
255,255,255
247,225,225
207,80,80
205,73,73
205,73,73
205,73,73
205,73,73
205,71,71
243,209,209
255,255,255
255,255,255
255,255,255
255,255,255
255,255,255
251,241,241
202,64,64
205,73,73
204,70,70
246,219,219
255,255,255
255,255,255
255,255,255
255,255,255
232,171,171
204,68,68
205,73,73
205,73,73
205,73,73
205,73,73
236,183,183
247,223,223
206,74,74
204,72,72
205,73,73
205,72,72
206,76,76
205,73,73
204,69,69
233,175,175
255,255,255
255,255,255
255,255,255
255,255,255
255,255,255
248,229,229
204,69,69
205,73,73
203,67,67
248,228,228
255,255,255
255,255,255
255,255,255
255,255,255
255,255,255
236,186,186
205,70,70
205,73,73
205,73,73
205,73,73
225,144,144
205,73,73
205,73,73
205,73,73
204,68,68
235,182,182
227,152,152
204,68,68
205,72,72
212,98,98
255,255,255
255,255,255
255,255,255
255,255,255
255,254,254
223,135,135
205,72,72
205,73,73
201,58,58
252,243,243
255,255,255
255,255,255
255,255,255
255,255,255
255,255,255
255,255,255
241,203,203
204,71,71
205,72,72
205,73,73
204,69,69
205,73,73
205,73,73
203,65,65
234,178,178
255,255,255
238,191,191
202,63,63
205,73,73
203,68,68
227,151,151
253,249,249
255,255,255
253,249,249
239,194,194
203,63,63
205,73,73
205,73,73
207,79,79
254,252,252
255,255,255
255,255,255
255,255,255
255,255,255
255,255,255
255,255,255
255,255,255
244,215,215
206,75,75
205,73,73
205,73,73
205,73,73
203,67,67
237,188,188
255,255,255
255,255,255
251,241,241
207,78,78
205,73,73
205,73,73
204,69,69
209,85,85
217,116,116
208,85,85
203,64,64
205,73,73
205,73,73
203,64,64
239,195,195
255,255,255
255,255,255
255,255,255
255,255,255
255,255,255
255,255,255
255,255,255
255,255,255
255,255,255
247,226,226
206,77,77
205,73,73
202,61,61
238,191,191
255,255,255
255,255,255
255,255,255
255,255,255
231,164,164
204,68,68
205,73,73
205,73,73
205,73,73
205,73,73
205,73,73
205,73,73
205,73,73
205,73,73
211,92,92
255,253,253
255,255,255
255,255,255
255,255,255
255,255,255
255,255,255
255,255,255
255,255,255
255,255,255
255,255,255
255,255,255
250,235,235
203,64,64
241,204,204
255,255,255
255,255,255
255,255,255
255,255,255
255,255,255
255,255,255
218,120,120
203,66,66
205,72,72
205,73,73
205,73,73
205,73,73
205,72,72
204,68,68
210,89,89
255,254,254
255,255,255
255,255,255
255,255,255
255,255,255
255,255,255
255,255,255
255,255,255
255,255,255
255,255,255
255,255,255
255,255,255
255,255,255
242,209,209
255,255,255
255,255,255
255,255,255
255,255,255
255,255,255
255,255,255
255,255,255
255,255,255
236,183,183
207,81,81
199,49,49
199,54,54
199,50,50
210,89,89
236,184,184
255,255,255
255,255,255
255,255,255
255,255,255
255,255,255
255,255,255
255,255,255
255,255,255
255,255,255
255,255,255
255,255,255
255,255,255
255,255,255
255,255,255
255,255,255
255,255,255
255,255,255
255,255,255
255,255,255
255,255,255
255,255,255
255,255,255
255,255,255
255,255,255
255,254,254
254,252,252
254,252,252
254,252,252
255,254,254
255,255,255
255,255,255
255,255,255
255,255,255
255,255,255
255,255,255
255,255,255
255,255,255
255,255,255
255,255,255
255,255,255
255,255,255
255,255,255
255,255,255
255,255,255
255,255,255
255,255,255
255,255,255
255,255,255
255,255,255
255,255,255
255,255,255
255,255,255
255,255,255
255,255,255
255,255,255
255,255,255
255,255,255
255,255,255
255,255,255
255,255,255
255,255,255
255,255,255
255,255,255
255,255,255
255,255,255
255,255,255
255,255,255
255,255,255
255,255,255
255,255,255
255,255,255
255,255,255
255,255,255
255,255,255
255,255,255
255,255,255
255,255,255
255,255,255
255,255,255
255,255,255
255,255,255
255,255,255
255,255,255
255,255,255
255,255,255
255,255,255
255,255,255
255,255,255
255,255,255
255,255,255
255,255,255
255,255,255
255,255,255
255,255,255
255,255,255
255,255,255
255,255,255
255,255,255
255,255,255
255,255,255
255,255,255
255,255,255
255,255,255
255,255,255
255,255,255
255,255,255
255,255,255
255,255,255
255,255,255
255,255,255
255,255,255
255,255,255
255,255,255
255,255,255
255,255,255
255,255,255
255,255,255
255,255,255
255,255,255
255,255,255
255,255,255
255,255,255
255,255,255
255,255,255
255,255,255
255,255,255
255,255,255
255,255,255
255,255,255
255,255,255
255,255,255
255,255,255
255,255,255
255,255,255
255,255,255
255,255,255
255,255,255
255,255,255
255,255,255
255,255,255
255,255,255
255,255,255
255,255,255
255,255,255
255,255,255
255,255,255
255,255,255
255,255,255
255,255,255
255,255,255
255,255,255
255,255,255
255,255,255
255,255,255
255,255,255
255,255,255
255,255,255
255,255,255
255,255,255
255,255,255
255,255,255
255,255,255
255,255,255
255,255,255
255,255,255
255,255,255
255,255,255
255,255,255
255,255,255
255,255,255
255,255,255
255,255,255
255,255,255
255,255,255
255,255,255
255,255,255
255,255,255
255,255,255
255,255,255
255,255,255
255,255,255
255,255,255
255,255,255
255,255,255
255,255,255
255,255,255
255,255,255
255,255,255
255,255,255
255,255,255
255,255,255
255,255,255
255,255,255
255,255,255
255,255,255
255,255,255
255,255,255
255,255,255
255,255,255
255,255,255
255,255,255
255,255,255
255,255,255
255,255,255
255,255,255
255,255,255
255,255,255
255,255,255
255,255,255
255,255,255
255,255,255
255,255,255
255,255,255
255,255,255
255,255,255
255,255,255
255,255,255
255,255,255
255,255,255
255,255,255
255,255,255
255,255,255
255,255,255
255,255,255
255,255,255
255,255,255
255,255,255
255,255,255
255,255,255
255,255,255
255,255,255
255,255,255
255,255,255
255,255,255
255,255,255
255,255,255
255,255,255
255,255,255
255,255,255
255,255,255
255,255,255
255,255,255
255,255,255
255,255,255
255,255,255
255,255,255
255,255,255
255,255,255
255,255,255
255,255,255
255,255,255
255,255,255
255,255,255
255,255,255
255,255,255
255,255,255
255,255,255
255,255,255
255,255,255
255,255,255
255,255,255
255,255,255
255,255,255
255,255,255
255,255,255
255,255,255
255,255,255
255,255,255
255,255,255
255,255,255
255,255,255
255,255,255
255,255,255
255,255,255
255,255,255
255,255,255
255,255,255
255,255,255
255,255,255
255,255,255
255,255,255
255,255,255
255,255,255
255,255,255
255,255,255
255,255,255
255,255,255
255,255,255
255,255,255
255,255,255
255,255,255
255,255,255
255,255,255
255,255,255
255,255,255
255,255,255
255,255,255
255,255,255
255,255,255
255,255,255
255,255,255
255,255,255
255,255,255
255,255,255
255,255,255
255,255,255
255,255,255
255,255,255
255,255,255
255,255,255
255,255,255
255,255,255
255,255,255
255,255,255
255,255,255
255,255,255
255,255,255
255,255,255
255,255,255
255,255,255
255,255,255
255,255,255
255,255,255
255,255,255
255,255,255
255,255,255
255,255,255
255,255,255
255,255,255
255,255,255
255,255,255
255,255,255
255,255,255
255,255,255
255,255,255
255,255,255
255,255,255
255,255,255
255,255,255
255,255,255
255,255,255
255,255,255
255,255,255
255,255,255
255,255,255
255,255,255
255,255,255
255,255,255
255,255,255
255,255,255
255,255,255
255,255,255
255,255,255
255,255,255
255,255,255
255,255,255
255,255,255
255,255,255
255,255,255
255,255,255
255,255,255
255,255,255
255,255,255
255,255,255
255,255,255
255,255,255
255,255,255
255,255,255
255,255,255
255,255,255
255,255,255
255,255,255
255,255,255
255,255,255
255,255,255
255,255,255
255,255,255
255,255,255
255,255,255
255,255,255
255,255,255
255,255,255
255,255,255
255,255,255
255,255,255
255,255,255
255,255,255
255,255,255
255,255,255
255,255,255
255,255,255
255,255,255
255,255,255
255,255,255
255,255,255
255,255,255
255,255,255
255,255,255
255,255,255
255,255,255
255,255,255
255,255,255
255,255,255
255,255,255
