255,255,255
255,255,255
255,255,255
255,255,255
255,255,255
255,255,255
255,255,255
255,255,255
255,255,255
255,255,255
255,255,255
255,255,255
255,255,255
255,255,255
255,255,255
249,231,231
255,255,255
255,255,255
255,255,255
255,255,255
255,255,255
255,255,255
255,255,255
255,255,255
255,255,255
255,255,255
255,255,255
255,255,255
255,255,255
255,255,255
253,247,247
255,255,255
255,255,255
255,255,255
255,255,255
255,255,255
255,255,255
255,255,255
255,255,255
255,255,255
255,255,255
255,255,255
255,255,255
255,255,255
244,213,213
203,64,64
241,205,205
255,255,255
255,255,255
255,255,255
255,255,255
255,255,255
255,255,255
255,255,255
255,255,255
255,255,255
255,255,255
255,255,255
255,255,255
250,237,237
235,180,180
255,255,255
255,255,255
255,255,255
255,255,255
255,255,255
255,255,255
255,255,255
255,255,255
255,255,255
255,255,255
255,255,255
255,255,255
245,218,218
204,67,67
205,74,74
203,64,64
249,233,233
255,255,255
255,255,255
255,255,255
255,255,255
255,255,255
255,255,255
255,255,255
255,255,255
255,255,255
250,236,236
219,122,122
205,73,73
234,180,180
255,255,255
255,255,255
255,255,255
255,255,255
255,255,255
255,255,255
255,255,255
255,255,255
255,255,255
255,255,255
255,255,255
254,252,252
214,104,104
205,73,73
205,73,73
205,73,73
210,89,89
254,253,253
255,255,255
255,255,255
255,255,255
255,255,255
255,255,255
255,255,255
255,255,255
254,251,251
213,101,101
204,69,69
205,73,73
234,180,180
255,255,255
255,255,255
255,255,255
255,255,255
255,255,255
255,255,255
255,255,255
255,255,255
255,255,255
255,255,255
255,255,255
255,255,255
252,245,245
209,87,87
205,72,72
205,73,73
202,63,63
242,204,204
255,255,255
255,255,255
255,255,255
255,255,255
255,255,255
255,255,255
255,255,255
238,193,193
203,66,66
205,73,73
205,73,73
234,180,180
255,255,255
255,255,255
255,255,255
255,255,255
255,255,255
243,211,211
241,204,204
251,238,238
255,255,255
255,255,255
255,255,255
255,255,255
255,255,255
248,230,230
202,62,62
205,73,73
205,73,73
216,108,108
255,254,254
255,255,255
255,255,255
255,255,255
255,255,255
255,255,255
255,255,255
227,152,152
205,71,71
205,73,73
205,73,73
234,180,180
255,255,255
255,255,255
255,255,255
255,255,255
238,191,191
203,66,66
204,67,67
202,63,63
251,238,238
255,255,255
255,255,255
255,255,255
255,255,255
255,255,255
218,118,118
205,73,73
205,73,73
200,55,55
253,247,247
255,255,255
255,255,255
255,255,255
255,255,255
255,255,255
255,255,255
233,172,172
204,69,69
205,73,73
205,73,73
234,180,180
255,255,255
255,255,255
255,255,255
235,179,179
202,65,65
205,73,73
205,73,73
205,71,71
250,237,237
255,255,255
255,255,255
255,255,255
255,255,255
255,255,255
245,218,218
204,71,71
205,73,73
202,62,62
251,241,241
255,255,255
255,255,255
255,255,255
255,255,255
255,255,255
255,255,255
251,241,241
206,77,77
205,72,72
205,73,73
234,180,180
255,255,255
255,254,254
232,170,170
203,66,66
205,73,73
205,73,73
205,73,73
205,71,71
246,223,223
255,255,255
255,255,255
255,255,255
255,255,255
255,255,255
250,237,237
203,66,66
205,73,73
203,67,67
248,226,226
255,255,255
255,255,255
255,255,255
255,255,255
255,255,255
255,255,255
255,255,255
246,221,221
207,78,78
205,73,73
234,180,180
255,254,254
228,158,158
203,64,64
205,73,73
205,72,72
205,72,72
205,73,73
205,70,70
240,200,200
255,255,255
255,255,255
255,255,255
255,255,255
255,255,255
251,239,239
203,65,65
205,73,73
204,69,69
246,221,221
255,255,255
255,255,255
255,255,255
255,255,255
255,255,255
255,255,255
255,255,255
235,183,183
205,72,72
205,73,73
237,187,187
226,146,146
204,68,68
205,73,73
205,72,72
210,89,89
214,104,104
205,72,72
204,69,69
225,145,145
255,255,255
255,255,255
255,255,255
255,255,255
255,255,255
244,212,212
205,71,71
205,73,73
203,64,64
249,232,232
255,255,255
255,255,255
255,255,255
255,255,255
255,255,255
255,255,255
247,224,224
203,67,67
205,73,73
205,73,73
208,83,83
204,69,69
205,73,73
205,72,72
207,82,82
251,237,237
232,170,170
203,64,64
205,73,73
205,73,73
254,250,250
255,255,255
255,255,255
255,255,255
254,250,250
207,79,79
205,73,73
205,73,73
200,53,53
253,248,248
255,255,255
255,255,255
255,255,255
255,255,255
255,255,255
255,255,255
228,157,157
205,71,71
205,73,73
205,73,73
205,73,73
205,73,73
205,73,73
206,76,76
252,242,242
255,255,255
242,207,207
203,66,66
205,73,73
205,73,73
207,78,78
247,224,224
255,254,254
247,224,224
210,88,88
205,73,73
205,73,73
205,73,73
218,118,118
255,254,254
255,255,255
255,255,255
255,255,255
255,255,255
255,255,255
255,255,255
228,155,155
205,71,71
205,73,73
205,73,73
205,73,73
205,73,73
209,87,87
252,242,242
255,255,255
255,255,255
255,254,254
212,100,100
205,74,74
205,73,73
205,73,73
202,62,62
200,54,54
202,62,62
205,73,73
205,73,73
205,73,73
199,53,53
252,244,244
255,255,255
255,255,255
255,255,255
255,255,255
255,255,255
255,255,255
255,255,255
244,214,214
203,65,65
205,73,73
205,73,73
205,72,72
208,84,84
252,242,242
255,255,255
255,255,255
255,255,255
255,255,255
244,216,216
202,61,61
205,74,74
205,73,73
205,73,73
205,73,73
205,73,73
205,73,73
205,73,73
203,66,66
236,184,184
255,255,255
255,255,255
255,255,255
255,255,255
255,255,255
255,255,255
255,255,255
255,255,255
255,254,254
222,132,132
203,66,66
205,73,73
211,94,94
252,244,244
255,255,255
255,255,255
255,255,255
255,255,255
255,255,255
255,255,255
241,205,205
203,68,68
203,65,65
205,73,73
205,73,73
205,73,73
202,63,63
204,68,68
240,199,199
255,255,255
255,255,255
255,255,255
255,255,255
255,255,255
255,255,255
255,255,255
255,255,255
255,255,255
255,255,255
254,252,252
237,190,190
211,93,93
253,246,246
255,255,255
255,255,255
255,255,255
255,255,255
255,255,255
255,255,255
255,255,255
255,255,255
252,243,243
237,187,187
222,130,130
218,118,118
222,133,133
239,197,197
252,243,243
255,255,255
255,255,255
255,255,255
255,255,255
255,255,255
255,255,255
255,255,255
255,255,255
255,255,255
255,255,255
255,255,255
255,255,255
255,255,255
255,254,254
255,255,255
255,255,255
255,255,255
255,255,255
255,255,255
255,255,255
255,255,255
255,255,255
255,255,255
255,255,255
255,255,255
255,255,255
255,255,255
255,255,255
255,255,255
255,255,255
255,255,255
255,255,255
255,255,255
255,255,255
255,255,255
255,255,255
255,255,255
255,255,255
255,255,255
255,255,255
255,255,255
255,255,255
255,255,255
255,255,255
255,255,255
255,255,255
255,255,255
255,255,255
255,255,255
255,255,255
255,255,255
255,255,255
255,255,255
255,255,255
255,255,255
255,255,255
255,255,255
255,255,255
255,255,255
255,255,255
255,255,255
255,255,255
255,255,255
255,255,255
255,255,255
255,255,255
255,255,255
255,255,255
255,255,255
255,255,255
255,255,255
255,255,255
255,255,255
255,255,255
255,255,255
255,255,255
255,255,255
255,255,255
255,255,255
255,255,255
255,255,255
255,255,255
255,255,255
255,255,255
255,255,255
255,255,255
255,255,255
255,255,255
255,255,255
255,255,255
255,255,255
255,255,255
255,255,255
255,255,255
255,255,255
255,255,255
255,255,255
255,255,255
255,255,255
255,255,255
255,255,255
255,255,255
255,255,255
255,255,255
255,255,255
255,255,255
255,255,255
255,255,255
255,255,255
255,255,255
255,255,255
255,255,255
255,255,255
255,255,255
255,255,255
255,255,255
255,255,255
255,255,255
255,255,255
255,255,255
255,255,255
255,255,255
255,255,255
255,255,255
255,255,255
255,255,255
255,255,255
255,255,255
255,255,255
255,255,255
255,255,255
255,255,255
255,255,255
255,255,255
255,255,255
255,255,255
255,255,255
255,255,255
255,255,255
255,255,255
255,255,255
255,255,255
255,255,255
255,255,255
255,255,255
255,255,255
255,255,255
255,255,255
255,255,255
255,255,255
255,255,255
255,255,255
255,255,255
255,255,255
255,255,255
255,255,255
255,255,255
255,255,255
255,255,255
255,255,255
255,255,255
255,255,255
255,255,255
255,255,255
255,255,255
255,255,255
255,255,255
255,255,255
255,255,255
255,255,255
255,255,255
255,255,255
255,255,255
255,255,255
255,255,255
255,255,255
255,255,255
255,255,255
255,255,255
255,255,255
255,255,255
255,255,255
255,255,255
255,255,255
255,255,255
255,255,255
255,255,255
255,255,255
255,255,255
255,255,255
255,255,255
255,255,255
255,255,255
255,255,255
255,255,255
255,255,255
255,255,255
255,255,255
255,255,255
255,255,255
255,255,255
255,255,255
255,255,255
255,255,255
255,255,255
255,255,255
255,255,255
255,255,255
255,255,255
255,255,255
255,255,255
255,255,255
255,255,255
255,255,255
255,255,255
255,255,255
255,255,255
255,255,255
255,255,255
255,255,255
255,255,255
255,255,255
255,255,255
255,255,255
255,255,255
255,255,255
255,255,255
255,255,255
255,255,255
255,255,255
255,255,255
255,255,255
255,255,255
255,255,255
255,255,255
255,255,255
255,255,255
255,255,255
255,255,255
255,255,255
255,255,255
255,255,255
255,255,255
255,255,255
255,255,255
255,255,255
255,255,255
255,255,255
255,255,255
255,255,255
255,255,255
255,255,255
255,255,255
255,255,255
255,255,255
255,255,255
255,255,255
255,255,255
255,255,255
255,255,255
255,255,255
255,255,255
255,255,255
255,255,255
255,255,255
255,255,255
255,255,255
255,255,255
255,255,255
255,255,255
255,255,255
255,255,255
255,255,255
255,255,255
255,255,255
255,255,255
255,255,255
255,255,255
255,255,255
255,255,255
255,255,255
255,255,255
255,255,255
255,255,255
255,255,255
255,255,255
255,255,255
255,255,255
255,255,255
255,255,255
255,255,255
255,255,255
255,255,255
255,255,255
255,255,255
255,255,255
255,255,255
255,255,255
255,255,255
255,255,255
255,255,255
255,255,255
255,255,255
255,255,255
255,255,255
255,255,255
255,255,255
255,255,255
255,255,255
255,255,255
255,255,255
255,255,255
255,255,255
255,255,255
255,255,255
255,255,255
255,255,255
255,255,255
255,255,255
255,255,255
255,255,255
255,255,255
255,255,255
255,255,255
255,255,255
255,255,255
255,255,255
255,255,255
255,255,255
255,255,255
255,255,255
255,255,255
255,255,255
255,255,255
255,255,255
255,255,255
255,255,255
255,255,255
255,255,255
255,255,255
255,255,255
255,255,255
255,255,255
255,255,255
255,255,255
255,255,255
255,255,255
255,255,255
255,255,255
255,255,255
255,255,255
255,255,255
255,255,255
255,255,255
255,255,255
255,255,255
255,255,255
255,255,255
255,255,255
255,255,255
255,255,255
255,255,255
255,255,255
255,255,255
255,255,255
255,255,255
255,255,255
255,255,255
255,255,255
255,255,255
255,255,255
255,255,255
255,255,255
255,255,255
255,255,255
255,255,255
255,255,255
255,255,255
255,255,255
255,255,255
255,255,255
255,255,255
255,255,255
255,255,255
255,255,255
255,255,255
255,255,255
255,255,255
255,255,255
255,255,255
255,255,255
255,255,255
255,255,255
255,255,255
255,255,255
255,255,255
255,255,255
255,255,255
255,255,255
255,255,255
255,255,255
255,255,255
255,255,255
255,255,255
