255,255,255
255,255,255
255,255,255
255,255,255
255,255,255
255,255,255
255,255,255
255,255,255
255,255,255
255,255,255
255,255,255
255,255,255
255,255,255
255,255,255
255,255,255
255,255,255
255,255,255
255,255,255
255,255,255
255,255,255
255,255,255
255,255,255
255,255,255
255,255,255
255,255,255
255,255,255
255,255,255
255,255,255
255,255,255
255,255,255
255,255,255
255,255,255
255,255,255
255,255,255
255,255,255
255,255,255
255,255,255
255,255,255
255,255,255
255,255,255
235,180,180
205,71,71
215,108,108
227,154,154
255,255,255
255,255,255
255,255,255
255,255,255
255,255,255
255,255,255
255,255,255
255,255,255
255,255,255
255,255,255
255,255,255
255,255,255
255,255,255
255,255,255
255,255,255
255,255,255
255,255,255
255,255,255
255,255,255
255,255,255
255,255,255
255,255,255
255,255,255
255,255,255
255,253,253
227,154,154
204,69,69
205,73,73
205,71,71
202,62,62
255,255,255
255,255,255
255,255,255
255,255,255
255,255,255
255,255,255
255,255,255
255,255,255
255,255,255
255,255,255
255,255,255
255,255,255
255,255,255
255,255,255
255,255,255
255,255,255
255,255,255
255,255,255
255,255,255
255,255,255
255,255,255
255,255,255
255,255,255
253,246,246
219,125,125
203,65,65
205,73,73
205,73,73
205,73,73
203,65,65
255,255,255
255,255,255
255,255,255
255,255,255
255,255,255
255,255,255
255,255,255
255,255,255
255,255,255
255,255,255
255,255,255
255,255,255
255,255,255
255,254,254
231,168,168
213,101,101
255,255,255
255,255,255
255,255,255
255,255,255
255,255,255
255,255,255
249,234,234
214,105,105
204,70,70
205,73,73
205,73,73
205,73,73
205,73,73
203,65,65
255,255,255
255,255,255
255,255,255
255,255,255
255,255,255
255,255,255
255,255,255
255,255,255
255,255,255
255,255,255
255,255,255
255,255,255
255,255,255
222,133,133
203,66,66
205,72,72
255,255,255
255,255,255
255,255,255
255,255,255
255,255,255
245,220,220
208,83,83
204,70,70
205,73,73
203,67,67
213,101,101
205,75,75
205,73,73
203,65,65
255,255,255
255,255,255
255,255,255
255,255,255
255,255,255
255,255,255
255,255,255
255,255,255
255,255,255
255,255,255
255,255,255
255,255,255
243,211,211
203,66,66
205,73,73
205,73,73
255,255,255
255,255,255
255,255,255
255,255,255
239,194,194
205,75,75
205,72,72
205,73,73
204,68,68
222,133,133
249,232,232
204,69,69
205,73,73
203,65,65
255,255,255
255,255,255
255,255,255
255,255,255
255,255,255
255,255,255
255,255,255
255,255,255
255,255,255
255,255,255
255,255,255
255,255,255
228,156,156
204,71,71
205,73,73
205,73,73
255,255,255
255,255,255
255,255,255
231,168,168
203,65,65
205,73,73
205,72,72
204,68,68
231,164,164
255,255,255
248,231,231
204,69,69
205,73,73
203,65,65
255,255,255
255,255,255
255,255,255
255,255,255
255,255,255
255,255,255
255,255,255
255,255,255
255,255,255
255,255,255
255,255,255
255,255,255
230,162,162
204,70,70
205,73,73
205,73,73
255,255,255
254,250,250
223,138,138
203,67,67
205,73,73
205,73,73
206,75,75
239,194,194
255,255,255
255,255,255
248,231,231
204,69,69
205,73,73
203,65,65
255,255,255
255,255,255
255,255,255
255,255,255
255,255,255
255,255,255
255,255,255
255,255,255
255,255,255
255,255,255
255,255,255
255,255,255
247,225,225
204,69,69
205,73,73
205,73,73
251,240,240
216,110,110
204,68,68
205,73,73
204,70,70
209,86,86
246,222,222
255,255,255
255,255,255
255,255,255
248,231,231
204,69,69
205,73,73
203,65,65
255,255,255
255,255,255
255,255,255
255,255,255
255,255,255
255,255,255
255,255,255
255,255,255
255,255,255
255,255,255
255,255,255
255,255,255
255,255,255
236,185,185
205,73,73
205,73,73
209,87,87
204,70,70
205,73,73
204,70,70
214,106,106
251,239,239
255,255,255
255,255,255
255,255,255
255,255,255
248,231,231
204,69,69
205,73,73
203,65,65
255,255,255
255,255,255
255,255,255
255,255,255
255,255,255
255,255,255
255,255,255
255,255,255
255,255,255
255,255,255
255,255,255
255,255,255
255,255,255
246,220,220
208,83,83
205,73,73
205,73,73
205,73,73
204,70,70
222,135,135
254,252,252
255,255,255
255,255,255
255,255,255
255,255,255
255,255,255
249,231,231
204,69,69
205,73,73
203,65,65
255,255,255
255,255,255
255,255,255
255,255,255
255,255,255
255,255,255
255,255,255
255,255,255
255,255,255
255,255,255
255,255,255
255,255,255
251,240,240
206,74,74
205,73,73
205,73,73
205,73,73
205,72,72
220,124,124
242,208,208
241,204,204
241,204,204
241,204,204
241,204,204
241,204,204
241,204,204
237,187,187
204,71,71
205,73,73
203,68,68
241,205,205
241,204,204
241,204,204
241,204,204
240,197,197
255,253,253
255,255,255
255,255,255
255,255,255
255,255,255
255,255,255
255,255,255
232,170,170
204,69,69
205,73,73
205,73,73
205,73,73
205,74,74
204,68,68
203,66,66
203,66,66
203,66,66
203,66,66
203,66,66
203,66,66
203,66,66
203,66,66
205,73,73
205,73,73
205,73,73
203,65,65
203,66,66
203,66,66
203,66,66
197,43,43
253,249,249
255,255,255
255,255,255
255,255,255
255,255,255
255,255,255
255,255,255
227,153,153
204,71,71
205,73,73
205,73,73
205,73,73
205,73,73
205,73,73
205,73,73
205,73,73
205,73,73
205,73,73
205,73,73
205,73,73
205,73,73
205,73,73
205,73,73
205,73,73
205,73,73
205,73,73
205,73,73
205,73,73
205,73,73
199,51,51
253,249,249
255,255,255
255,255,255
255,255,255
255,255,255
255,255,255
255,255,255
238,194,194
203,66,66
205,73,73
205,73,73
203,68,68
203,68,68
203,68,68
203,68,68
203,68,68
203,68,68
203,68,68
203,68,68
203,68,68
203,68,68
204,69,69
205,73,73
205,73,73
205,74,74
203,68,68
203,68,68
203,68,68
203,68,68
198,46,46
253,249,249
255,255,255
255,255,255
255,255,255
255,255,255
255,255,255
255,255,255
255,255,255
213,100,100
204,70,70
205,73,73
244,214,214
244,214,214
244,214,214
244,214,214
244,214,214
244,214,214
244,214,214
244,214,214
244,214,214
244,214,214
240,201,201
204,70,70
205,73,73
203,67,67
246,221,221
244,214,214
244,214,214
244,214,214
243,209,209
255,254,254
255,255,255
255,255,255
255,255,255
255,255,255
255,255,255
255,255,255
255,255,255
254,251,251
218,117,117
200,53,53
255,255,255
255,255,255
255,255,255
255,255,255
255,255,255
255,255,255
255,255,255
255,255,255
255,255,255
255,255,255
249,231,231
204,69,69
205,73,73
203,65,65
255,255,255
255,255,255
255,255,255
255,255,255
255,255,255
255,255,255
255,255,255
255,255,255
255,255,255
255,255,255
255,255,255
255,255,255
255,255,255
255,255,255
255,255,255
254,252,252
255,255,255
255,255,255
255,255,255
255,255,255
255,255,255
255,255,255
255,255,255
255,255,255
255,255,255
255,255,255
248,231,231
203,66,66
204,70,70
202,63,63
255,255,255
255,255,255
255,255,255
255,255,255
255,255,255
255,255,255
255,255,255
255,255,255
255,255,255
255,255,255
255,255,255
255,255,255
255,255,255
255,255,255
255,255,255
255,255,255
255,255,255
255,255,255
255,255,255
255,255,255
255,255,255
255,255,255
255,255,255
255,255,255
255,255,255
255,255,255
253,245,245
235,182,182
236,183,183
235,180,180
255,255,255
255,255,255
255,255,255
255,255,255
255,255,255
255,255,255
255,255,255
255,255,255
255,255,255
255,255,255
255,255,255
255,255,255
255,255,255
255,255,255
255,255,255
255,255,255
255,255,255
255,255,255
255,255,255
255,255,255
255,255,255
255,255,255
255,255,255
255,255,255
255,255,255
255,255,255
255,255,255
255,255,255
255,255,255
255,255,255
255,255,255
255,255,255
255,255,255
255,255,255
255,255,255
255,255,255
255,255,255
255,255,255
255,255,255
255,255,255
255,255,255
255,255,255
255,255,255
255,255,255
255,255,255
255,255,255
255,255,255
255,255,255
255,255,255
255,255,255
255,255,255
255,255,255
255,255,255
255,255,255
255,255,255
255,255,255
255,255,255
255,255,255
255,255,255
255,255,255
255,255,255
255,255,255
255,255,255
255,255,255
255,255,255
255,255,255
255,255,255
255,255,255
255,255,255
255,255,255
255,255,255
255,255,255
255,255,255
255,255,255
255,255,255
255,255,255
255,255,255
255,255,255
255,255,255
255,255,255
255,255,255
255,255,255
255,255,255
255,255,255
255,255,255
255,255,255
255,255,255
255,255,255
255,255,255
255,255,255
255,255,255
255,255,255
255,255,255
255,255,255
255,255,255
255,255,255
255,255,255
255,255,255
255,255,255
255,255,255
255,255,255
255,255,255
255,255,255
255,255,255
255,255,255
255,255,255
255,255,255
255,255,255
255,255,255
255,255,255
255,255,255
255,255,255
255,255,255
255,255,255
255,255,255
255,255,255
255,255,255
255,255,255
255,255,255
255,255,255
255,255,255
255,255,255
255,255,255
255,255,255
255,255,255
255,255,255
255,255,255
255,255,255
255,255,255
255,255,255
255,255,255
255,255,255
255,255,255
255,255,255
255,255,255
255,255,255
255,255,255
255,255,255
255,255,255
255,255,255
255,255,255
255,255,255
255,255,255
255,255,255
255,255,255
255,255,255
255,255,255
255,255,255
255,255,255
255,255,255
255,255,255
255,255,255
255,255,255
255,255,255
255,255,255
255,255,255
255,255,255
255,255,255
255,255,255
255,255,255
255,255,255
255,255,255
255,255,255
255,255,255
255,255,255
255,255,255
255,255,255
255,255,255
255,255,255
255,255,255
255,255,255
255,255,255
255,255,255
255,255,255
255,255,255
255,255,255
255,255,255
255,255,255
255,255,255
255,255,255
255,255,255
255,255,255
255,255,255
255,255,255
255,255,255
255,255,255
255,255,255
255,255,255
255,255,255
255,255,255
255,255,255
255,255,255
255,255,255
255,255,255
255,255,255
255,255,255
255,255,255
255,255,255
255,255,255
255,255,255
255,255,255
255,255,255
255,255,255
255,255,255
255,255,255
255,255,255
255,255,255
255,255,255
255,255,255
255,255,255
255,255,255
255,255,255
255,255,255
255,255,255
255,255,255
255,255,255
255,255,255
255,255,255
255,255,255
255,255,255
255,255,255
255,255,255
255,255,255
255,255,255
255,255,255
255,255,255
255,255,255
255,255,255
255,255,255
255,255,255
255,255,255
255,255,255
255,255,255
255,255,255
255,255,255
255,255,255
255,255,255
255,255,255
255,255,255
255,255,255
255,255,255
255,255,255
255,255,255
255,255,255
255,255,255
255,255,255
255,255,255
255,255,255
255,255,255
255,255,255
255,255,255
255,255,255
255,255,255
255,255,255
255,255,255
255,255,255
255,255,255
255,255,255
255,255,255
255,255,255
255,255,255
255,255,255
255,255,255
255,255,255
255,255,255
255,255,255
255,255,255
255,255,255
255,255,255
255,255,255
255,255,255
255,255,255
255,255,255
255,255,255
255,255,255
255,255,255
255,255,255
255,255,255
255,255,255
255,255,255
255,255,255
255,255,255
255,255,255
255,255,255
255,255,255
255,255,255
255,255,255
255,255,255
255,255,255
255,255,255
255,255,255
255,255,255
255,255,255
255,255,255
255,255,255
255,255,255
255,255,255
255,255,255
255,255,255
255,255,255
255,255,255
255,255,255
255,255,255
255,255,255
255,255,255
255,255,255
255,255,255
255,255,255
255,255,255
255,255,255
255,255,255
255,255,255
255,255,255
255,255,255
255,255,255
255,255,255
