255,255,255
255,255,255
255,255,255
255,255,255
255,255,255
255,255,255
255,255,255
255,255,255
255,255,255
255,255,255
255,255,255
255,255,255
255,255,255
255,255,255
255,255,255
255,255,255
255,255,255
255,255,255
255,255,255
255,255,255
255,255,255
255,255,255
255,255,255
255,255,255
255,255,255
255,255,255
255,255,255
255,255,255
255,255,255
255,255,255
255,255,255
255,255,255
255,255,255
255,255,255
255,255,255
255,255,255
255,255,255
255,255,255
255,255,255
255,255,255
255,255,255
255,255,255
255,255,255
255,255,255
255,255,255
239,194,194
247,225,225
255,255,255
255,255,255
255,255,255
255,255,255
255,255,255
255,255,255
255,255,255
255,255,255
255,255,255
255,255,255
255,255,255
255,255,255
255,255,255
255,255,255
255,255,255
255,255,255
254,250,250
251,239,239
249,229,229
245,219,219
244,212,212
255,255,255
255,255,255
255,255,255
255,255,255
255,255,255
255,254,254
231,168,168
204,66,66
205,73,73
253,248,248
255,255,255
255,255,255
255,255,255
255,255,255
255,255,255
255,255,255
255,255,255
255,255,255
255,255,255
255,255,255
241,204,204
221,130,130
211,95,95
208,84,84
207,79,79
206,76,76
206,74,74
205,71,71
204,68,68
202,61,61
238,193,193
255,255,255
255,255,255
255,255,255
255,255,255
230,161,161
203,66,66
205,73,73
205,73,73
217,116,116
255,254,254
255,255,255
255,255,255
255,255,255
255,255,255
255,255,255
255,255,255
255,255,255
255,255,255
229,158,158
203,63,63
204,70,70
205,72,72
205,73,73
205,73,73
205,73,73
205,73,73
205,73,73
205,73,73
205,73,73
209,85,85
251,239,239
255,255,255
255,255,255
255,255,255
248,229,229
205,70,70
205,73,73
205,73,73
202,60,60
247,226,226
255,255,255
255,255,255
255,255,255
255,255,255
255,255,255
255,255,255
255,255,255
247,224,224
204,69,69
205,73,73
205,73,73
205,71,71
204,68,68
203,66,66
203,65,65
202,63,63
204,68,68
205,73,73
205,73,73
205,71,71
246,222,222
255,255,255
255,255,255
255,255,255
255,255,255
240,201,201
202,63,63
205,73,73
205,73,73
220,128,128
255,255,255
255,255,255
255,255,255
255,255,255
255,255,255
255,255,255
255,255,255
230,161,161
204,70,70
205,73,73
205,73,73
213,103,103
224,143,143
229,158,158
233,173,173
236,183,183
224,140,140
204,70,70
205,73,73
213,102,102
255,255,255
255,255,255
255,255,255
255,255,255
255,255,255
254,252,252
209,87,87
205,73,73
205,73,73
202,62,62
253,249,249
255,255,255
255,255,255
255,255,255
255,255,255
255,255,255
255,255,255
228,156,156
205,71,71
205,73,73
205,73,73
232,172,172
255,255,255
255,255,255
255,255,255
255,255,255
219,122,122
205,73,73
204,70,70
224,141,141
255,255,255
255,255,255
255,255,255
255,255,255
255,255,255
255,255,255
236,185,185
205,72,72
205,73,73
202,62,62
251,241,241
255,255,255
255,255,255
255,255,255
255,255,255
255,255,255
255,255,255
244,213,213
203,66,66
205,73,73
205,73,73
231,166,166
255,255,255
255,255,255
255,255,255
255,255,255
210,92,92
205,73,73
203,66,66
232,173,173
255,255,255
255,255,255
255,255,255
255,255,255
255,255,255
255,255,255
249,231,231
204,68,68
205,73,73
203,66,66
248,227,227
255,255,255
255,255,255
255,255,255
255,255,255
255,255,255
255,255,255
255,255,255
226,150,150
204,69,69
205,73,73
231,166,166
255,255,255
255,255,255
255,255,255
255,254,254
207,81,81
205,73,73
203,65,65
234,176,176
255,255,255
255,255,255
255,255,255
255,255,255
255,255,255
255,255,255
250,237,237
203,66,66
205,73,73
204,70,70
245,219,219
255,255,255
255,255,255
255,255,255
255,255,255
255,255,255
255,255,255
255,255,255
250,235,235
210,90,90
205,73,73
231,166,166
255,255,255
255,255,255
255,255,255
255,255,255
209,85,85
205,73,73
204,70,70
224,142,142
255,255,255
255,255,255
255,255,255
255,255,255
255,255,255
255,255,255
244,215,215
204,70,70
205,73,73
203,66,66
249,230,230
255,255,255
255,255,255
255,255,255
255,255,255
255,255,255
255,255,255
253,247,247
210,91,91
204,70,70
205,73,73
231,166,166
255,255,255
255,255,255
255,255,255
255,255,255
213,101,101
205,73,73
205,73,73
209,88,88
254,250,250
255,255,255
255,255,255
255,255,255
255,255,255
255,254,254
216,115,115
205,73,73
205,73,73
200,57,57
252,245,245
255,255,255
255,255,255
255,255,255
255,255,255
255,255,255
255,255,255
235,180,180
203,67,67
205,73,73
205,73,73
231,166,166
255,255,255
255,255,255
255,255,255
255,255,255
223,137,137
205,72,72
205,73,73
204,70,70
225,144,144
254,250,250
255,255,255
255,255,255
255,253,253
239,195,195
202,62,62
205,73,73
205,73,73
208,84,84
254,252,252
255,255,255
255,255,255
255,255,255
255,255,255
255,255,255
255,255,255
227,151,151
205,71,71
205,73,73
205,73,73
231,166,166
255,255,255
255,255,255
255,255,255
255,255,255
243,212,212
202,63,63
205,73,73
205,73,73
203,68,68
212,96,96
233,175,175
231,167,167
216,108,108
202,62,62
205,73,73
205,73,73
202,64,64
240,201,201
255,255,255
255,255,255
255,255,255
255,255,255
255,255,255
255,255,255
255,255,255
236,184,184
203,67,67
205,73,73
205,73,73
231,166,166
255,255,255
255,255,255
255,255,255
255,255,255
255,255,255
217,115,115
204,70,70
205,73,73
205,73,73
205,73,73
203,68,68
203,68,68
205,73,73
205,73,73
205,73,73
205,73,73
211,93,93
255,253,253
255,255,255
255,255,255
255,255,255
255,255,255
255,255,255
255,255,255
255,255,255
253,249,249
208,84,84
205,73,73
205,73,73
230,164,164
255,255,255
255,255,255
255,255,255
255,255,255
255,255,255
252,245,245
210,92,92
204,71,71
205,73,73
205,73,73
205,73,73
205,73,73
205,73,73
205,73,73
204,69,69
208,85,85
255,254,254
255,255,255
255,255,255
255,255,255
255,255,255
255,255,255
255,255,255
255,255,255
255,255,255
255,255,255
250,233,233
207,82,82
204,67,67
248,226,226
255,255,255
255,255,255
255,255,255
255,255,255
255,255,255
255,255,255
255,255,255
226,145,145
202,60,60
202,59,59
203,66,66
203,65,65
201,57,57
204,67,67
230,165,165
255,255,255
255,255,255
255,255,255
255,255,255
255,255,255
255,255,255
255,255,255
255,255,255
255,255,255
255,255,255
255,255,255
255,255,255
255,255,255
254,248,248
255,255,255
255,255,255
255,255,255
255,255,255
255,255,255
255,255,255
255,255,255
255,255,255
255,255,255
254,253,253
250,236,236
244,213,213
246,217,217
252,241,241
254,253,253
255,255,255
255,255,255
255,255,255
255,255,255
255,255,255
255,255,255
255,255,255
255,255,255
255,255,255
255,255,255
255,255,255
255,255,255
255,255,255
255,255,255
255,255,255
255,255,255
255,255,255
255,255,255
255,255,255
255,255,255
255,255,255
255,255,255
255,255,255
255,255,255
255,255,255
255,255,255
255,255,255
255,255,255
255,255,255
255,255,255
255,255,255
255,255,255
255,255,255
255,255,255
255,255,255
255,255,255
255,255,255
255,255,255
255,255,255
255,255,255
255,255,255
255,255,255
255,255,255
255,255,255
255,255,255
255,255,255
255,255,255
255,255,255
255,255,255
255,255,255
255,255,255
255,255,255
255,255,255
255,255,255
255,255,255
255,255,255
255,255,255
255,255,255
255,255,255
255,255,255
255,255,255
255,255,255
255,255,255
255,255,255
255,255,255
255,255,255
255,255,255
255,255,255
255,255,255
255,255,255
255,255,255
255,255,255
255,255,255
255,255,255
255,255,255
255,255,255
255,255,255
255,255,255
255,255,255
255,255,255
255,255,255
255,255,255
255,255,255
255,255,255
255,255,255
255,255,255
255,255,255
255,255,255
255,255,255
255,255,255
255,255,255
255,255,255
255,255,255
255,255,255
255,255,255
255,255,255
255,255,255
255,255,255
255,255,255
255,255,255
255,255,255
255,255,255
255,255,255
255,255,255
255,255,255
255,255,255
255,255,255
255,255,255
255,255,255
255,255,255
255,255,255
255,255,255
255,255,255
255,255,255
255,255,255
255,255,255
255,255,255
255,255,255
255,255,255
255,255,255
255,255,255
255,255,255
255,255,255
255,255,255
255,255,255
255,255,255
255,255,255
255,255,255
255,255,255
255,255,255
255,255,255
255,255,255
255,255,255
255,255,255
255,255,255
255,255,255
255,255,255
255,255,255
255,255,255
255,255,255
255,255,255
255,255,255
255,255,255
255,255,255
255,255,255
255,255,255
255,255,255
255,255,255
255,255,255
255,255,255
255,255,255
255,255,255
255,255,255
255,255,255
255,255,255
255,255,255
255,255,255
255,255,255
255,255,255
255,255,255
255,255,255
255,255,255
255,255,255
255,255,255
255,255,255
255,255,255
255,255,255
255,255,255
255,255,255
255,255,255
255,255,255
255,255,255
255,255,255
255,255,255
255,255,255
255,255,255
255,255,255
255,255,255
255,255,255
255,255,255
255,255,255
255,255,255
255,255,255
255,255,255
255,255,255
255,255,255
255,255,255
255,255,255
255,255,255
255,255,255
255,255,255
255,255,255
255,255,255
255,255,255
255,255,255
255,255,255
255,255,255
255,255,255
255,255,255
255,255,255
255,255,255
255,255,255
255,255,255
255,255,255
255,255,255
255,255,255
255,255,255
255,255,255
255,255,255
255,255,255
255,255,255
255,255,255
255,255,255
255,255,255
255,255,255
255,255,255
255,255,255
255,255,255
255,255,255
255,255,255
255,255,255
255,255,255
255,255,255
255,255,255
255,255,255
255,255,255
255,255,255
255,255,255
255,255,255
255,255,255
255,255,255
255,255,255
255,255,255
255,255,255
255,255,255
255,255,255
255,255,255
255,255,255
255,255,255
255,255,255
255,255,255
255,255,255
255,255,255
255,255,255
255,255,255
255,255,255
255,255,255
255,255,255
255,255,255
255,255,255
255,255,255
255,255,255
255,255,255
255,255,255
255,255,255
255,255,255
255,255,255
255,255,255
255,255,255
255,255,255
255,255,255
255,255,255
255,255,255
255,255,255
255,255,255
255,255,255
255,255,255
255,255,255
255,255,255
255,255,255
255,255,255
255,255,255
255,255,255
255,255,255
255,255,255
255,255,255
255,255,255
255,255,255
255,255,255
255,255,255
255,255,255
255,255,255
255,255,255
255,255,255
255,255,255
255,255,255
255,255,255
255,255,255
255,255,255
255,255,255
255,255,255
255,255,255
255,255,255
255,255,255
255,255,255
255,255,255
255,255,255
255,255,255
255,255,255
255,255,255
255,255,255
255,255,255
255,255,255
255,255,255
255,255,255
255,255,255
255,255,255
255,255,255
255,255,255
255,255,255
255,255,255
255,255,255
255,255,255
255,255,255
255,255,255
255,255,255
255,255,255
255,255,255
255,255,255
255,255,255
255,255,255
255,255,255
255,255,255
255,255,255
255,255,255
255,255,255
255,255,255
255,255,255
255,255,255
255,255,255
255,255,255
255,255,255
255,255,255
255,255,255
255,255,255
255,255,255
255,255,255
255,255,255
255,255,255
255,255,255
255,255,255
255,255,255
255,255,255
255,255,255
255,255,255
255,255,255
255,255,255
255,255,255
255,255,255
255,255,255
255,255,255
255,255,255
255,255,255
255,255,255
255,255,255
255,255,255
255,255,255
255,255,255
255,255,255
255,255,255
255,255,255
255,255,255
255,255,255
255,255,255
255,255,255
255,255,255
255,255,255
255,255,255
255,255,255
255,255,255
255,255,255
255,255,255
255,255,255
255,255,255
255,255,255
