255,255,255
255,255,255
255,255,255
255,255,255
255,255,255
255,255,255
255,255,255
255,255,255
255,255,255
255,255,255
255,255,255
255,255,255
255,255,255
255,255,255
255,255,255
254,254,254
255,255,255
255,255,255
255,255,255
255,255,255
255,255,255
255,255,255
255,255,255
255,255,255
255,255,255
255,255,255
255,255,255
255,255,255
255,255,255
255,255,255
255,255,255
255,255,255
255,255,255
255,255,255
255,255,255
255,255,255
255,255,255
255,255,255
255,255,255
255,255,255
255,255,255
255,255,255
255,255,255
255,255,255
248,248,248
85,85,87
134,134,136
255,255,255
255,255,255
255,255,255
255,255,255
255,255,255
255,255,255
255,255,255
255,255,255
255,255,255
255,255,255
255,255,255
255,255,255
255,255,255
196,196,196
185,185,187
178,178,179
168,168,169
150,150,151
134,134,136
117,117,119
103,103,105
241,241,242
255,255,255
255,255,255
255,255,255
255,255,255
227,227,228
61,61,63
32,32,35
26,26,29
197,197,198
255,255,255
255,255,255
255,255,255
255,255,255
255,255,255
255,255,255
255,255,255
255,255,255
255,255,255
255,255,255
255,255,255
255,255,255
25,25,28
22,22,25
22,22,25
24,24,27
26,26,29
28,28,31
30,30,33
26,26,30
117,117,119
255,255,255
255,255,255
255,255,255
255,255,255
140,140,142
28,28,31
35,35,38
35,35,38
34,34,37
251,251,251
255,255,255
255,255,255
255,255,255
255,255,255
255,255,255
255,255,255
255,255,255
255,255,255
255,255,255
255,255,255
233,233,233
35,35,38
35,35,38
35,35,38
35,35,38
35,35,38
35,35,38
35,35,38
35,35,38
32,32,35
210,210,211
255,255,255
255,255,255
255,255,255
251,251,251
79,79,81
34,34,37
35,35,38
27,27,30
171,171,172
255,255,255
255,255,255
255,255,255
255,255,255
255,255,255
255,255,255
255,255,255
255,255,255
255,255,255
237,237,238
62,62,64
32,32,35
31,31,33
33,33,36
35,35,38
37,37,40
42,42,45
34,34,37
35,35,38
43,43,46
242,242,242
255,255,255
255,255,255
255,255,255
255,255,255
238,238,238
22,22,25
35,35,38
36,36,39
63,63,65
253,253,253
255,255,255
255,255,255
255,255,255
255,255,255
255,255,255
255,255,255
255,255,255
240,240,240
73,73,75
32,32,35
125,125,127
218,218,219
235,235,235
251,251,251
255,255,255
142,142,143
32,32,35
34,34,37
92,92,94
255,255,255
255,255,255
255,255,255
255,255,255
255,255,255
255,255,255
95,95,97
35,35,38
35,35,38
13,13,17
244,244,244
255,255,255
255,255,255
255,255,255
255,255,255
255,255,255
255,255,255
243,243,243
73,73,76
32,32,35
35,35,38
147,147,149
255,255,255
255,255,255
255,255,255
255,255,255
75,75,78
35,35,38
29,29,32
133,133,134
255,255,255
255,255,255
255,255,255
255,255,255
255,255,255
255,255,255
211,211,211
33,33,36
35,35,38
23,23,26
234,234,234
255,255,255
255,255,255
255,255,255
255,255,255
255,255,255
244,244,245
77,77,79
31,31,34
35,35,38
35,35,38
147,147,149
255,255,255
255,255,255
255,255,255
255,255,255
49,49,52
35,35,38
25,25,28
167,167,169
255,255,255
255,255,255
255,255,255
255,255,255
255,255,255
255,255,255
231,231,231
26,26,29
35,35,38
30,30,33
215,215,215
255,255,255
255,255,255
255,255,255
255,255,255
249,249,249
75,75,77
32,32,35
35,35,38
35,35,38
35,35,38
147,147,149
255,255,255
255,255,255
255,255,255
255,255,255
43,43,46
35,35,38
28,28,31
142,142,144
255,255,255
255,255,255
255,255,255
255,255,255
255,255,255
255,255,255
224,224,224
30,30,33
35,35,38
29,29,32
217,217,217
255,255,255
255,255,255
255,255,255
255,255,255
245,245,245
72,72,74
31,31,34
35,35,38
35,35,38
35,35,38
147,147,149
255,255,255
255,255,255
255,255,255
255,255,255
56,56,59
35,35,38
33,33,36
94,94,96
255,255,255
255,255,255
255,255,255
255,255,255
255,255,255
255,255,255
177,177,178
33,33,36
35,35,38
24,24,27
231,231,232
255,255,255
255,255,255
255,255,255
255,255,255
255,255,255
255,255,255
74,74,77
33,33,36
35,35,38
35,35,38
147,147,149
255,255,255
255,255,255
255,255,255
255,255,255
86,86,88
34,34,37
35,35,38
33,33,36
225,225,225
255,255,255
255,255,255
255,255,255
255,255,255
246,246,246
31,31,34
35,35,38
35,35,38
12,12,15
247,247,247
255,255,255
255,255,255
255,255,255
255,255,255
255,255,255
255,255,255
255,255,255
67,67,70
31,31,34
35,35,38
147,147,149
255,255,255
255,255,255
255,255,255
255,255,255
143,143,144
31,31,34
35,35,38
35,35,38
35,35,38
224,224,225
254,254,254
254,254,254
244,244,244
53,53,56
35,35,38
35,35,38
36,36,39
99,99,101
255,255,255
255,255,255
255,255,255
255,255,255
255,255,255
255,255,255
255,255,255
255,255,255
251,251,251
64,64,67
35,35,38
147,147,149
255,255,255
255,255,255
255,255,255
255,255,255
234,234,234
29,29,32
35,35,39
35,35,38
35,35,38
21,21,24
42,42,45
37,37,39
14,14,17
36,36,39
35,35,38
35,35,38
10,10,14
243,243,243
255,255,255
255,255,255
255,255,255
255,255,255
255,255,255
255,255,255
255,255,255
255,255,255
255,255,255
251,251,251
54,54,57
147,147,149
255,255,255
255,255,255
255,255,255
255,255,255
255,255,255
157,157,159
22,22,25
35,35,38
35,35,38
35,35,38
34,34,37
34,34,37
35,35,38
35,35,38
35,35,38
28,28,31
166,166,166
255,255,255
255,255,255
255,255,255
255,255,255
255,255,255
255,255,255
255,255,255
255,255,255
255,255,255
255,255,255
255,255,255
238,238,238
148,148,150
255,255,255
255,255,255
255,255,255
255,255,255
255,255,255
253,253,253
156,156,157
22,22,25
31,31,34
35,35,38
35,35,38
35,35,38
35,35,38
29,29,32
21,21,25
171,171,173
255,255,255
255,255,255
255,255,255
255,255,255
255,255,255
255,255,255
255,255,255
255,255,255
255,255,255
255,255,255
255,255,255
255,255,255
255,255,255
249,249,249
255,255,255
255,255,255
255,255,255
255,255,255
255,255,255
255,255,255
255,255,255
227,227,228
130,130,131
63,63,66
40,40,43
45,45,48
70,70,72
146,146,148
236,236,237
255,255,255
255,255,255
255,255,255
255,255,255
255,255,255
255,255,255
255,255,255
255,255,255
255,255,255
255,255,255
255,255,255
255,255,255
255,255,255
255,255,255
255,255,255
255,255,255
255,255,255
255,255,255
255,255,255
255,255,255
255,255,255
255,255,255
255,255,255
255,255,255
251,251,251
245,245,246
246,246,247
252,252,252
255,255,255
255,255,255
255,255,255
255,255,255
255,255,255
255,255,255
255,255,255
255,255,255
255,255,255
255,255,255
255,255,255
255,255,255
255,255,255
255,255,255
255,255,255
255,255,255
255,255,255
255,255,255
255,255,255
255,255,255
255,255,255
255,255,255
255,255,255
255,255,255
255,255,255
255,255,255
255,255,255
255,255,255
255,255,255
255,255,255
255,255,255
255,255,255
255,255,255
255,255,255
255,255,255
255,255,255
255,255,255
255,255,255
255,255,255
255,255,255
255,255,255
255,255,255
255,255,255
255,255,255
255,255,255
255,255,255
255,255,255
255,255,255
255,255,255
255,255,255
255,255,255
255,255,255
255,255,255
255,255,255
255,255,255
255,255,255
255,255,255
255,255,255
255,255,255
255,255,255
255,255,255
255,255,255
255,255,255
255,255,255
255,255,255
255,255,255
255,255,255
255,255,255
255,255,255
255,255,255
255,255,255
255,255,255
255,255,255
255,255,255
255,255,255
255,255,255
255,255,255
255,255,255
255,255,255
255,255,255
255,255,255
255,255,255
255,255,255
255,255,255
255,255,255
255,255,255
255,255,255
255,255,255
255,255,255
255,255,255
255,255,255
255,255,255
255,255,255
255,255,255
255,255,255
255,255,255
255,255,255
255,255,255
255,255,255
255,255,255
255,255,255
255,255,255
255,255,255
255,255,255
255,255,255
255,255,255
255,255,255
255,255,255
255,255,255
255,255,255
255,255,255
255,255,255
255,255,255
255,255,255
255,255,255
255,255,255
255,255,255
255,255,255
255,255,255
255,255,255
255,255,255
255,255,255
255,255,255
255,255,255
255,255,255
255,255,255
255,255,255
255,255,255
255,255,255
255,255,255
255,255,255
255,255,255
255,255,255
255,255,255
255,255,255
255,255,255
255,255,255
255,255,255
255,255,255
255,255,255
255,255,255
255,255,255
255,255,255
255,255,255
255,255,255
255,255,255
255,255,255
255,255,255
255,255,255
255,255,255
255,255,255
255,255,255
255,255,255
255,255,255
255,255,255
255,255,255
255,255,255
255,255,255
255,255,255
255,255,255
255,255,255
255,255,255
255,255,255
255,255,255
255,255,255
255,255,255
255,255,255
255,255,255
255,255,255
255,255,255
255,255,255
255,255,255
255,255,255
255,255,255
255,255,255
255,255,255
255,255,255
255,255,255
255,255,255
255,255,255
255,255,255
255,255,255
255,255,255
255,255,255
255,255,255
255,255,255
255,255,255
255,255,255
255,255,255
255,255,255
255,255,255
255,255,255
255,255,255
255,255,255
255,255,255
255,255,255
255,255,255
255,255,255
255,255,255
255,255,255
255,255,255
255,255,255
255,255,255
255,255,255
255,255,255
255,255,255
255,255,255
255,255,255
255,255,255
255,255,255
255,255,255
255,255,255
255,255,255
255,255,255
255,255,255
255,255,255
255,255,255
255,255,255
255,255,255
255,255,255
255,255,255
255,255,255
255,255,255
255,255,255
255,255,255
255,255,255
255,255,255
255,255,255
255,255,255
255,255,255
255,255,255
255,255,255
255,255,255
255,255,255
255,255,255
255,255,255
255,255,255
255,255,255
255,255,255
255,255,255
255,255,255
255,255,255
255,255,255
255,255,255
255,255,255
255,255,255
255,255,255
255,255,255
255,255,255
255,255,255
255,255,255
255,255,255
255,255,255
255,255,255
255,255,255
255,255,255
255,255,255
255,255,255
255,255,255
255,255,255
255,255,255
255,255,255
255,255,255
255,255,255
255,255,255
255,255,255
255,255,255
255,255,255
255,255,255
255,255,255
255,255,255
255,255,255
255,255,255
255,255,255
255,255,255
255,255,255
255,255,255
255,255,255
255,255,255
255,255,255
255,255,255
255,255,255
255,255,255
255,255,255
255,255,255
255,255,255
255,255,255
255,255,255
255,255,255
255,255,255
255,255,255
255,255,255
255,255,255
255,255,255
255,255,255
255,255,255
255,255,255
255,255,255
255,255,255
255,255,255
255,255,255
255,255,255
255,255,255
255,255,255
255,255,255
255,255,255
255,255,255
255,255,255
255,255,255
255,255,255
255,255,255
255,255,255
255,255,255
255,255,255
255,255,255
255,255,255
255,255,255
255,255,255
255,255,255
255,255,255
255,255,255
255,255,255
255,255,255
255,255,255
255,255,255
255,255,255
255,255,255
255,255,255
255,255,255
255,255,255
255,255,255
255,255,255
255,255,255
255,255,255
255,255,255
255,255,255
255,255,255
255,255,255
255,255,255
255,255,255
255,255,255
255,255,255
255,255,255
255,255,255
255,255,255
255,255,255
255,255,255
255,255,255
255,255,255
255,255,255
255,255,255
255,255,255
255,255,255
255,255,255
255,255,255
255,255,255
255,255,255
255,255,255
255,255,255
255,255,255
255,255,255
255,255,255
255,255,255
255,255,255
255,255,255
255,255,255
255,255,255
255,255,255
255,255,255
255,255,255
255,255,255
255,255,255
255,255,255
255,255,255
255,255,255
255,255,255
