255,255,255
255,255,255
255,255,255
255,255,255
255,255,255
255,255,255
255,255,255
255,255,255
255,255,255
255,255,255
255,255,255
255,255,255
255,255,255
255,255,255
255,255,255
255,255,255
255,255,255
255,255,255
255,255,255
255,255,255
255,255,255
255,255,255
255,255,255
255,255,255
255,255,255
255,255,255
255,255,255
255,255,255
255,255,255
255,255,255
255,255,255
255,255,255
255,255,255
230,230,231
180,180,181
130,130,132
97,97,99
84,84,86
72,72,74
74,74,76
84,84,87
106,106,108
154,154,156
207,207,207
255,255,255
255,255,255
255,255,255
255,255,255
255,255,255
255,255,255
255,255,255
255,255,255
255,255,255
255,255,255
255,255,255
255,255,255
255,255,255
255,255,255
255,255,255
255,255,255
255,255,255
200,200,201
88,88,91
31,31,34
27,27,30
33,33,36
34,34,37
35,35,38
35,35,38
35,35,38
35,35,38
35,35,38
31,31,34
21,21,24
63,63,66
182,182,183
255,255,255
255,255,255
255,255,255
255,255,255
255,255,255
255,255,255
255,255,255
255,255,255
255,255,255
255,255,255
255,255,255
255,255,255
255,255,255
255,255,255
106,106,108
26,26,29
33,33,36
35,35,38
35,35,38
35,35,38
35,35,38
35,35,38
35,35,38
35,35,38
35,35,38
35,35,38
35,35,38
35,35,38
35,35,38
21,21,24
112,112,115
255,255,255
255,255,255
255,255,255
255,255,255
255,255,255
255,255,255
255,255,255
255,255,255
255,255,255
255,255,255
255,255,255
255,255,255
255,255,255
33,33,36
35,35,38
35,35,38
34,34,38
31,31,34
31,31,34
34,34,37
35,35,38
35,35,38
35,35,38
32,32,35
31,31,34
32,32,35
31,31,34
35,35,38
35,35,38
32,32,36
117,117,119
254,254,254
255,255,255
255,255,255
255,255,255
255,255,255
255,255,255
255,255,255
255,255,255
255,255,255
255,255,255
255,255,255
255,255,255
35,35,38
35,35,38
28,28,31
46,46,48
115,115,117
156,156,158
171,171,172
36,36,39
35,35,38
27,27,30
95,95,98
166,166,167
187,187,188
121,121,123
26,26,30
35,35,38
35,35,38
16,16,19
220,220,221
255,255,255
255,255,255
255,255,255
255,255,255
255,255,255
255,255,255
255,255,255
255,255,255
255,255,255
255,255,255
255,255,255
35,35,38
31,31,34
149,149,150
251,251,251
255,255,255
247,247,247
55,55,58
34,34,37
32,32,35
164,164,166
255,255,255
255,255,255
255,255,255
255,255,255
206,206,206
26,26,29
35,35,38
36,36,39
69,69,72
253,253,253
255,255,255
255,255,255
255,255,255
255,255,255
255,255,255
255,255,255
242,242,243
210,210,211
210,210,211
241,241,241
25,25,28
193,193,193
255,255,255
255,255,255
255,255,255
159,159,160
27,27,30
34,34,37
87,87,90
255,255,255
255,255,255
255,255,255
255,255,255
255,255,255
255,255,255
136,136,137
33,33,36
35,35,38
12,12,15
244,244,245
255,255,255
255,255,255
255,255,255
255,255,255
255,255,255
210,210,210
47,47,50
17,17,20
17,17,20
49,49,52
105,105,107
255,255,255
255,255,255
255,255,255
255,255,255
80,80,82
35,35,38
24,24,27
171,171,172
255,255,255
255,255,255
255,255,255
255,255,255
255,255,255
255,255,255
236,236,236
25,25,28
35,35,38
25,25,28
228,228,229
255,255,255
255,255,255
255,255,255
255,255,255
250,250,250
44,44,46
34,34,37
35,35,38
35,35,38
35,35,38
194,194,195
255,255,255
255,255,255
255,255,255
255,255,255
53,53,56
35,35,38
24,24,27
203,203,203
255,255,255
255,255,255
255,255,255
255,255,255
255,255,255
255,255,255
247,247,247
17,17,20
35,35,38
30,30,33
213,213,214
255,255,255
255,255,255
255,255,255
255,255,255
195,195,196
25,25,28
35,35,38
35,35,38
35,35,38
35,35,38
212,212,213
255,255,255
255,255,255
255,255,255
253,253,253
40,40,42
35,35,38
21,21,24
186,186,187
255,255,255
255,255,255
255,255,255
255,255,255
255,255,255
255,255,255
244,244,244
21,21,24
35,35,38
29,29,32
217,217,218
255,255,255
255,255,255
255,255,255
255,255,255
205,205,206
26,26,29
35,35,38
35,35,38
35,35,38
35,35,38
191,191,193
255,255,255
255,255,255
255,255,255
255,255,255
51,51,54
35,35,38
28,28,31
143,143,144
255,255,255
255,255,255
255,255,255
255,255,255
255,255,255
255,255,255
223,223,223
29,29,32
35,35,38
23,23,26
234,234,235
255,255,255
255,255,255
255,255,255
255,255,255
255,255,255
61,61,64
32,32,35
35,35,38
35,35,38
33,33,36
120,120,121
255,255,255
255,255,255
255,255,255
255,255,255
84,84,87
35,35,38
35,35,38
42,42,45
251,251,251
255,255,255
255,255,255
255,255,255
255,255,255
253,253,253
52,52,54
35,35,38
35,35,38
16,16,18
248,248,248
255,255,255
255,255,255
255,255,255
255,255,255
255,255,255
247,247,247
81,81,83
12,12,15
13,13,16
78,78,80
28,28,31
231,231,231
255,255,255
255,255,255
255,255,255
146,146,148
31,31,34
35,35,38
33,33,36
45,45,48
230,230,230
255,255,255
255,255,255
240,240,241
70,70,73
31,31,34
35,35,38
34,34,37
119,119,121
255,255,255
255,255,255
255,255,255
255,255,255
255,255,255
255,255,255
255,255,255
254,254,254
251,251,251
251,251,251
254,254,254
33,33,36
92,92,94
253,253,253
255,255,255
255,255,255
238,238,238
32,32,35
35,35,38
35,35,38
34,34,37
31,31,34
28,28,31
29,29,31
31,31,34
34,34,37
35,35,38
35,35,38
16,16,18
244,244,244
255,255,255
255,255,255
255,255,255
255,255,255
255,255,255
255,255,255
255,255,255
255,255,255
255,255,255
255,255,255
255,255,255
20,20,23
124,124,125
249,249,249
255,255,255
255,255,255
255,255,255
169,169,170
20,20,23
35,35,38
35,35,38
35,35,38
35,35,38
35,35,38
35,35,38
35,35,38
36,36,39
21,21,25
195,195,197
255,255,255
255,255,255
255,255,255
255,255,255
255,255,255
255,255,255
255,255,255
255,255,255
255,255,255
255,255,255
255,255,255
255,255,255
208,208,208
253,253,253
255,255,255
255,255,255
255,255,255
255,255,255
253,253,253
161,161,163
20,20,24
35,35,39
35,35,38
35,35,38
35,35,38
35,35,38
35,35,38
20,20,22
193,193,194
255,255,255
255,255,255
255,255,255
255,255,255
255,255,255
255,255,255
255,255,255
255,255,255
255,255,255
255,255,255
255,255,255
255,255,255
255,255,255
255,255,255
255,255,255
255,255,255
255,255,255
255,255,255
255,255,255
255,255,255
255,255,255
222,222,223
128,128,130
48,48,50
39,39,42
40,40,43
58,58,60
155,155,156
238,238,238
255,255,255
255,255,255
255,255,255
255,255,255
255,255,255
255,255,255
255,255,255
255,255,255
255,255,255
255,255,255
255,255,255
255,255,255
255,255,255
255,255,255
255,255,255
255,255,255
255,255,255
255,255,255
255,255,255
255,255,255
255,255,255
255,255,255
255,255,255
255,255,255
251,251,251
241,241,241
243,243,244
253,253,253
255,255,255
255,255,255
255,255,255
255,255,255
255,255,255
255,255,255
255,255,255
255,255,255
255,255,255
255,255,255
255,255,255
255,255,255
255,255,255
255,255,255
255,255,255
255,255,255
255,255,255
255,255,255
255,255,255
255,255,255
255,255,255
255,255,255
255,255,255
255,255,255
255,255,255
255,255,255
255,255,255
255,255,255
255,255,255
255,255,255
255,255,255
255,255,255
255,255,255
255,255,255
255,255,255
255,255,255
255,255,255
255,255,255
255,255,255
255,255,255
255,255,255
255,255,255
255,255,255
255,255,255
255,255,255
255,255,255
255,255,255
255,255,255
255,255,255
255,255,255
255,255,255
255,255,255
255,255,255
255,255,255
255,255,255
255,255,255
255,255,255
255,255,255
255,255,255
255,255,255
255,255,255
255,255,255
255,255,255
255,255,255
255,255,255
255,255,255
255,255,255
255,255,255
255,255,255
255,255,255
255,255,255
255,255,255
255,255,255
255,255,255
255,255,255
255,255,255
255,255,255
255,255,255
255,255,255
255,255,255
255,255,255
255,255,255
255,255,255
255,255,255
255,255,255
255,255,255
255,255,255
255,255,255
255,255,255
255,255,255
255,255,255
255,255,255
255,255,255
255,255,255
255,255,255
255,255,255
255,255,255
255,255,255
255,255,255
255,255,255
255,255,255
255,255,255
255,255,255
255,255,255
255,255,255
255,255,255
255,255,255
255,255,255
255,255,255
255,255,255
255,255,255
255,255,255
255,255,255
255,255,255
255,255,255
255,255,255
255,255,255
255,255,255
255,255,255
255,255,255
255,255,255
255,255,255
255,255,255
255,255,255
255,255,255
255,255,255
255,255,255
255,255,255
255,255,255
255,255,255
255,255,255
255,255,255
255,255,255
255,255,255
255,255,255
255,255,255
255,255,255
255,255,255
255,255,255
255,255,255
255,255,255
255,255,255
255,255,255
255,255,255
255,255,255
255,255,255
255,255,255
255,255,255
255,255,255
255,255,255
255,255,255
255,255,255
255,255,255
255,255,255
255,255,255
255,255,255
255,255,255
255,255,255
255,255,255
255,255,255
255,255,255
255,255,255
255,255,255
255,255,255
255,255,255
255,255,255
255,255,255
255,255,255
255,255,255
255,255,255
255,255,255
255,255,255
255,255,255
255,255,255
255,255,255
255,255,255
255,255,255
255,255,255
255,255,255
255,255,255
255,255,255
255,255,255
255,255,255
255,255,255
255,255,255
255,255,255
255,255,255
255,255,255
255,255,255
255,255,255
255,255,255
255,255,255
255,255,255
255,255,255
255,255,255
255,255,255
255,255,255
255,255,255
255,255,255
255,255,255
255,255,255
255,255,255
255,255,255
255,255,255
255,255,255
255,255,255
255,255,255
255,255,255
255,255,255
255,255,255
255,255,255
255,255,255
255,255,255
255,255,255
255,255,255
255,255,255
255,255,255
255,255,255
255,255,255
255,255,255
255,255,255
255,255,255
255,255,255
255,255,255
255,255,255
255,255,255
255,255,255
255,255,255
255,255,255
255,255,255
255,255,255
255,255,255
255,255,255
255,255,255
255,255,255
255,255,255
255,255,255
255,255,255
255,255,255
255,255,255
255,255,255
255,255,255
255,255,255
255,255,255
255,255,255
255,255,255
255,255,255
255,255,255
255,255,255
255,255,255
255,255,255
255,255,255
255,255,255
255,255,255
255,255,255
255,255,255
255,255,255
255,255,255
255,255,255
255,255,255
255,255,255
255,255,255
255,255,255
255,255,255
255,255,255
255,255,255
255,255,255
255,255,255
255,255,255
255,255,255
255,255,255
255,255,255
255,255,255
255,255,255
255,255,255
255,255,255
255,255,255
255,255,255
255,255,255
255,255,255
255,255,255
255,255,255
255,255,255
255,255,255
255,255,255
255,255,255
255,255,255
255,255,255
255,255,255
255,255,255
255,255,255
255,255,255
255,255,255
255,255,255
255,255,255
255,255,255
255,255,255
255,255,255
255,255,255
255,255,255
255,255,255
255,255,255
255,255,255
255,255,255
255,255,255
255,255,255
255,255,255
255,255,255
255,255,255
255,255,255
255,255,255
255,255,255
255,255,255
255,255,255
255,255,255
255,255,255
255,255,255
255,255,255
255,255,255
255,255,255
255,255,255
255,255,255
255,255,255
255,255,255
255,255,255
255,255,255
255,255,255
255,255,255
255,255,255
255,255,255
255,255,255
255,255,255
255,255,255
255,255,255
255,255,255
255,255,255
255,255,255
255,255,255
255,255,255
255,255,255
255,255,255
255,255,255
255,255,255
255,255,255
255,255,255
255,255,255
