255,255,255
255,255,255
255,255,255
255,255,255
255,255,255
255,255,255
255,255,255
255,255,255
255,255,255
255,255,255
255,255,255
255,255,255
255,255,255
255,255,255
255,255,255
255,255,255
255,255,255
255,255,255
255,255,255
255,255,255
255,255,255
255,255,255
255,255,255
255,255,255
255,255,255
255,255,255
255,255,255
255,255,255
255,255,255
255,255,255
255,255,255
255,255,255
255,255,255
255,255,255
255,255,255
255,255,255
255,255,255
255,255,255
255,255,255
255,255,255
255,255,255
255,255,255
255,255,255
255,255,255
255,255,255
255,255,255
255,255,255
255,255,255
255,255,255
255,255,255
255,255,255
255,255,255
255,255,255
255,255,255
255,255,255
255,255,255
255,255,255
255,255,255
255,255,255
255,255,255
255,255,255
255,255,255
255,255,255
246,221,221
228,155,155
214,103,103
209,87,87
208,83,83
207,79,79
207,80,80
208,83,83
210,89,89
220,127,127
238,190,190
255,255,255
255,255,255
255,255,255
255,255,255
255,255,255
255,255,255
255,255,255
255,255,255
255,255,255
255,255,255
255,255,255
255,255,255
255,255,255
255,255,255
255,255,255
255,255,255
255,255,255
234,178,178
207,81,81
204,68,68
204,70,70
205,72,72
205,73,73
205,73,73
205,73,73
205,73,73
205,73,73
205,73,73
205,71,71
204,69,69
205,70,70
227,151,151
255,255,255
255,255,255
255,255,255
255,255,255
255,255,255
255,255,255
255,255,255
255,255,255
255,255,255
255,255,255
255,255,255
255,255,255
253,246,246
234,179,179
212,96,96
204,68,68
205,72,72
205,73,73
205,73,73
205,73,73
205,73,73
205,73,73
205,73,73
205,73,73
205,73,73
205,73,73
205,73,73
205,73,73
205,73,73
203,67,67
212,99,99
255,254,254
255,255,255
255,255,255
255,255,255
255,255,255
255,255,255
255,255,255
255,255,255
255,255,255
255,255,255
240,199,199
205,75,75
204,68,68
205,72,72
205,73,73
205,73,73
205,72,72
203,66,66
204,67,67
205,72,72
205,74,74
205,73,73
205,73,73
203,68,68
204,68,68
204,69,69
203,67,67
205,74,74
205,73,73
205,72,72
214,107,107
254,253,253
255,255,255
255,255,255
255,255,255
255,255,255
255,255,255
255,255,255
255,255,255
251,238,238
206,75,75
205,73,73
205,73,73
205,73,73
205,74,74
202,62,62
214,105,105
236,186,186
243,212,212
237,186,186
204,70,70
205,73,73
203,66,66
231,165,165
244,216,216
247,225,225
237,190,190
204,69,69
205,73,73
205,73,73
202,62,62
243,207,207
255,255,255
255,255,255
255,255,255
255,255,255
255,255,255
255,255,255
255,255,255
233,172,172
204,68,68
205,73,73
205,73,73
205,73,73
207,76,76
241,201,201
255,253,253
255,255,255
251,240,240
207,79,79
205,73,73
205,72,72
243,208,208
255,255,255
255,255,255
255,255,255
255,255,255
248,230,230
204,68,68
205,73,73
205,73,73
209,87,87
254,252,252
255,255,255
255,255,255
255,255,255
255,255,255
255,255,255
255,255,255
227,152,152
205,71,71
205,73,73
205,73,73
203,68,68
245,218,218
255,255,255
255,255,255
255,255,255
230,163,163
204,69,69
204,70,70
222,133,133
255,255,255
255,255,255
255,255,255
255,255,255
255,255,255
255,255,255
236,182,182
204,71,71
205,73,73
201,57,57
252,245,245
255,255,255
255,255,255
255,255,255
255,255,255
255,255,255
255,255,255
239,194,194
203,66,66
205,73,73
205,73,73
226,148,148
255,255,255
255,255,255
255,255,255
255,255,255
214,105,105
205,73,73
202,63,63
237,190,190
255,255,255
255,255,255
255,255,255
255,255,255
255,255,255
255,255,255
252,242,242
202,64,64
205,73,73
203,65,65
249,231,231
255,255,255
255,255,255
255,255,255
255,255,255
255,255,255
255,255,255
254,252,252
218,117,117
204,70,70
205,73,73
243,208,208
255,255,255
255,255,255
255,255,255
255,254,254
209,85,85
205,73,73
202,64,64
243,212,212
255,255,255
255,255,255
255,255,255
255,255,255
255,255,255
255,255,255
253,248,248
201,57,57
205,73,73
204,69,69
245,219,219
255,255,255
255,255,255
255,255,255
255,255,255
255,255,255
255,255,255
255,255,255
252,246,246
210,89,89
205,73,73
245,218,218
255,255,255
255,255,255
255,255,255
255,253,253
207,78,78
205,73,73
202,62,62
239,193,193
255,255,255
255,255,255
255,255,255
255,255,255
255,255,255
255,255,255
252,245,245
202,62,62
205,73,73
204,67,67
247,226,226
255,255,255
255,255,255
255,255,255
255,255,255
255,255,255
255,255,255
254,252,252
218,120,120
204,68,68
205,73,73
239,196,196
255,255,255
255,255,255
255,255,255
255,255,255
210,89,89
205,73,73
204,69,69
225,146,146
255,255,255
255,255,255
255,255,255
255,255,255
255,255,255
255,255,255
242,209,209
204,70,70
205,73,73
201,60,60
251,240,240
255,255,255
255,255,255
255,255,255
255,255,255
255,255,255
255,255,255
240,198,198
203,66,66
205,73,73
205,73,73
221,128,128
255,254,254
255,255,255
255,255,255
255,255,255
218,120,120
205,73,73
205,73,73
206,76,76
248,228,228
255,255,255
255,255,255
255,255,255
255,255,255
252,245,245
207,79,79
205,73,73
205,73,73
204,68,68
254,251,251
255,255,255
255,255,255
255,255,255
255,255,255
255,255,255
255,255,255
227,151,151
205,71,71
205,73,73
205,73,73
203,65,65
247,225,225
255,255,255
255,255,255
255,255,255
234,178,178
203,67,67
205,73,73
205,72,72
206,75,75
239,195,195
249,234,234
250,236,236
243,207,207
209,86,86
204,71,71
205,73,73
204,68,68
231,164,164
255,255,255
255,255,255
255,255,255
255,255,255
255,255,255
255,255,255
255,255,255
232,169,169
204,69,69
205,73,73
205,73,73
205,72,72
212,100,100
254,250,250
255,255,255
255,255,255
253,247,247
208,83,83
205,73,73
205,73,73
205,73,73
204,69,69
202,62,62
202,61,61
204,67,67
205,73,73
205,73,73
205,73,73
205,70,70
254,250,250
255,255,255
255,255,255
255,255,255
255,255,255
255,255,255
255,255,255
255,255,255
250,236,236
205,74,74
205,73,73
205,73,73
204,70,70
234,177,177
254,252,252
255,255,255
255,255,255
255,255,255
241,204,204
203,65,65
205,73,73
205,73,73
205,73,73
205,73,73
205,73,73
205,73,73
205,73,73
205,73,73
204,67,67
248,226,226
255,255,255
255,255,255
255,255,255
255,255,255
255,255,255
255,255,255
255,255,255
255,255,255
255,255,255
239,193,193
204,67,67
203,68,68
251,240,240
255,255,255
255,255,255
255,255,255
255,255,255
255,255,255
255,255,255
242,205,205
205,73,73
204,71,71
205,72,72
205,72,72
205,72,72
205,72,72
204,71,71
207,79,79
248,230,230
255,255,255
255,255,255
255,255,255
255,255,255
255,255,255
255,255,255
255,255,255
255,255,255
255,255,255
255,255,255
255,255,255
252,243,243
233,174,174
255,255,255
255,255,255
255,255,255
255,255,255
255,255,255
255,255,255
255,255,255
255,255,255
254,250,250
236,184,184
215,105,105
211,93,93
211,96,96
218,116,116
242,206,206
255,255,255
255,255,255
255,255,255
255,255,255
255,255,255
255,255,255
255,255,255
255,255,255
255,255,255
255,255,255
255,255,255
255,255,255
255,255,255
255,255,255
255,255,255
255,255,255
255,255,255
255,255,255
255,255,255
255,255,255
255,255,255
255,255,255
255,255,255
255,255,255
255,255,255
255,255,255
255,255,255
255,255,255
255,255,255
255,255,255
255,255,255
255,255,255
255,255,255
255,255,255
255,255,255
255,255,255
255,255,255
255,255,255
255,255,255
255,255,255
255,255,255
255,255,255
255,255,255
255,255,255
255,255,255
255,255,255
255,255,255
255,255,255
255,255,255
255,255,255
255,255,255
255,255,255
255,255,255
255,255,255
255,255,255
255,255,255
255,255,255
255,255,255
255,255,255
255,255,255
255,255,255
255,255,255
255,255,255
255,255,255
255,255,255
255,255,255
255,255,255
255,255,255
255,255,255
255,255,255
255,255,255
255,255,255
255,255,255
255,255,255
255,255,255
255,255,255
255,255,255
255,255,255
255,255,255
255,255,255
255,255,255
255,255,255
255,255,255
255,255,255
255,255,255
255,255,255
255,255,255
255,255,255
255,255,255
255,255,255
255,255,255
255,255,255
255,255,255
255,255,255
255,255,255
255,255,255
255,255,255
255,255,255
255,255,255
255,255,255
255,255,255
255,255,255
255,255,255
255,255,255
255,255,255
255,255,255
255,255,255
255,255,255
255,255,255
255,255,255
255,255,255
255,255,255
255,255,255
255,255,255
255,255,255
255,255,255
255,255,255
255,255,255
255,255,255
255,255,255
255,255,255
255,255,255
255,255,255
255,255,255
255,255,255
255,255,255
255,255,255
255,255,255
255,255,255
255,255,255
255,255,255
255,255,255
255,255,255
255,255,255
255,255,255
255,255,255
255,255,255
255,255,255
255,255,255
255,255,255
255,255,255
255,255,255
255,255,255
255,255,255
255,255,255
255,255,255
255,255,255
255,255,255
255,255,255
255,255,255
255,255,255
255,255,255
255,255,255
255,255,255
255,255,255
255,255,255
255,255,255
255,255,255
255,255,255
255,255,255
255,255,255
255,255,255
255,255,255
255,255,255
255,255,255
255,255,255
255,255,255
255,255,255
255,255,255
255,255,255
255,255,255
255,255,255
255,255,255
255,255,255
255,255,255
255,255,255
255,255,255
255,255,255
255,255,255
255,255,255
255,255,255
255,255,255
255,255,255
255,255,255
255,255,255
255,255,255
255,255,255
255,255,255
255,255,255
255,255,255
255,255,255
255,255,255
255,255,255
255,255,255
255,255,255
255,255,255
255,255,255
255,255,255
255,255,255
255,255,255
255,255,255
255,255,255
255,255,255
255,255,255
255,255,255
255,255,255
255,255,255
255,255,255
255,255,255
255,255,255
255,255,255
255,255,255
255,255,255
255,255,255
255,255,255
255,255,255
255,255,255
255,255,255
255,255,255
255,255,255
255,255,255
255,255,255
255,255,255
255,255,255
255,255,255
255,255,255
255,255,255
255,255,255
255,255,255
255,255,255
255,255,255
255,255,255
255,255,255
255,255,255
255,255,255
255,255,255
255,255,255
255,255,255
255,255,255
255,255,255
255,255,255
255,255,255
255,255,255
255,255,255
255,255,255
255,255,255
255,255,255
255,255,255
255,255,255
255,255,255
255,255,255
255,255,255
255,255,255
255,255,255
255,255,255
255,255,255
255,255,255
255,255,255
255,255,255
255,255,255
255,255,255
255,255,255
255,255,255
255,255,255
255,255,255
255,255,255
255,255,255
255,255,255
255,255,255
255,255,255
255,255,255
255,255,255
255,255,255
255,255,255
255,255,255
255,255,255
255,255,255
255,255,255
255,255,255
255,255,255
255,255,255
255,255,255
255,255,255
255,255,255
255,255,255
255,255,255
255,255,255
255,255,255
255,255,255
255,255,255
255,255,255
255,255,255
255,255,255
255,255,255
255,255,255
255,255,255
255,255,255
255,255,255
255,255,255
255,255,255
255,255,255
255,255,255
255,255,255
255,255,255
255,255,255
255,255,255
255,255,255
255,255,255
255,255,255
255,255,255
255,255,255
255,255,255
255,255,255
255,255,255
255,255,255
255,255,255
255,255,255
255,255,255
255,255,255
255,255,255
255,255,255
255,255,255
255,255,255
255,255,255
255,255,255
255,255,255
255,255,255
255,255,255
255,255,255
255,255,255
255,255,255
255,255,255
255,255,255
255,255,255
255,255,255
255,255,255
255,255,255
255,255,255
255,255,255
255,255,255
255,255,255
255,255,255
255,255,255
255,255,255
255,255,255
