255,255,255
255,255,255
255,255,255
255,255,255
255,255,255
255,255,255
255,255,255
255,255,255
255,255,255
255,255,255
255,255,255
255,255,255
255,255,255
255,255,255
255,255,255
255,255,255
255,255,255
255,255,255
255,255,255
255,255,255
255,255,255
255,255,255
255,255,255
255,255,255
255,255,255
255,255,255
255,255,255
255,255,255
255,255,255
255,255,255
255,255,255
255,255,255
255,255,255
230,230,230
180,180,181
130,130,132
97,97,99
84,84,86
72,72,74
74,74,76
85,85,87
105,105,107
155,155,156
208,208,208
255,255,255
255,255,255
255,255,255
255,255,255
255,255,255
255,255,255
255,255,255
255,255,255
255,255,255
255,255,255
255,255,255
255,255,255
255,255,255
255,255,255
255,255,255
255,255,255
255,255,255
200,200,201
88,88,90
31,31,34
27,27,30
33,33,36
34,34,37
35,35,38
35,35,38
35,35,38
35,35,38
35,35,38
31,31,34
21,21,24
62,62,65
182,182,183
255,255,255
255,255,255
255,255,255
255,255,255
255,255,255
255,255,255
255,255,255
255,255,255
255,255,255
255,255,255
255,255,255
255,255,255
255,255,255
255,255,255
107,107,109
26,26,29
33,33,36
35,35,38
35,35,38
35,35,38
35,35,38
35,35,38
35,35,38
35,35,38
35,35,38
35,35,38
35,35,38
35,35,38
35,35,38
21,21,24
112,112,114
255,255,255
255,255,255
255,255,255
255,255,255
255,255,255
255,255,255
255,255,255
255,255,255
255,255,255
255,255,255
255,255,255
255,255,255
255,255,255
33,33,36
35,35,38
35,35,38
34,34,38
31,31,34
31,31,34
34,34,37
35,35,38
35,35,38
35,35,38
32,32,35
31,31,34
32,32,35
31,31,34
35,35,38
35,35,38
32,32,35
117,117,119
254,254,254
255,255,255
255,255,255
255,255,255
255,255,255
255,255,255
255,255,255
255,255,255
255,255,255
255,255,255
255,255,255
209,209,209
35,35,38
35,35,38
28,28,31
46,46,48
115,115,116
156,156,158
171,171,172
36,36,39
35,35,38
28,28,31
95,95,98
166,166,167
187,187,187
121,121,122
26,26,29
35,35,38
35,35,38
16,16,19
220,220,221
255,255,255
255,255,255
255,255,255
255,255,255
255,255,255
255,255,255
255,255,255
255,255,255
255,255,255
223,223,223
39,39,42
35,35,38
31,31,34
149,149,150
251,251,251
255,255,255
247,247,247
56,56,59
34,34,37
32,32,35
165,165,166
255,255,255
255,255,255
255,255,255
255,255,255
205,205,206
26,26,29
35,35,38
36,36,39
69,69,72
253,253,253
255,255,255
255,255,255
255,255,255
255,255,255
255,255,255
255,255,255
255,255,255
226,226,226
47,47,50
35,35,38
25,25,28
192,192,193
255,255,255
255,255,255
255,255,255
158,158,160
27,27,30
34,34,37
87,87,90
255,255,255
255,255,255
255,255,255
255,255,255
255,255,255
255,255,255
136,136,138
33,33,36
35,35,38
12,12,15
245,245,245
255,255,255
255,255,255
255,255,255
255,255,255
255,255,255
255,255,255
235,235,235
46,46,48
33,33,36
35,35,38
105,105,107
255,255,255
255,255,255
255,255,255
255,255,255
80,80,83
35,35,38
24,24,27
172,172,172
255,255,255
255,255,255
255,255,255
255,255,255
255,255,255
255,255,255
236,236,236
25,25,28
35,35,38
25,25,28
227,227,227
255,255,255
255,255,255
255,255,255
255,255,255
255,255,255
236,236,237
50,50,53
35,35,38
35,35,38
35,35,38
194,194,194
255,255,255
255,255,255
255,255,255
255,255,255
53,53,56
35,35,38
24,24,27
203,203,203
255,255,255
255,255,255
255,255,255
255,255,255
255,255,255
255,255,255
247,247,247
17,17,20
35,35,38
30,30,33
213,213,214
255,255,255
255,255,255
255,255,255
255,255,255
243,243,243
43,43,46
34,34,37
35,35,38
35,35,38
35,35,38
213,213,213
255,255,255
255,255,255
255,255,255
253,253,253
39,39,42
35,35,38
21,21,25
186,186,187
255,255,255
255,255,255
255,255,255
255,255,255
255,255,255
255,255,255
244,244,244
21,21,24
35,35,38
29,29,32
216,216,217
255,255,255
255,255,255
255,255,255
255,255,255
255,255,255
109,109,111
30,30,33
35,35,38
35,35,38
35,35,38
191,191,192
255,255,255
255,255,255
255,255,255
255,255,255
51,51,54
35,35,38
28,28,31
143,143,144
255,255,255
255,255,255
255,255,255
255,255,255
255,255,255
255,255,255
224,224,224
29,29,32
35,35,38
23,23,26
235,235,235
255,255,255
255,255,255
255,255,255
255,255,255
255,255,255
255,255,255
109,109,111
28,28,31
35,35,38
35,35,38
121,121,123
255,255,255
255,255,255
255,255,255
255,255,255
84,84,87
35,35,38
35,35,38
42,42,44
251,251,251
255,255,255
255,255,255
255,255,255
255,255,255
253,253,253
52,52,55
35,35,38
35,35,38
16,16,19
248,248,249
255,255,255
255,255,255
255,255,255
255,255,255
255,255,255
255,255,255
255,255,255
103,103,105
29,29,32
35,35,38
28,28,31
230,230,230
255,255,255
255,255,255
255,255,255
146,146,147
31,31,34
35,35,38
33,33,36
46,46,49
231,231,231
255,255,255
255,255,255
241,241,241
70,70,73
31,31,34
35,35,38
34,34,37
119,119,120
255,255,255
255,255,255
255,255,255
255,255,255
255,255,255
255,255,255
255,255,255
255,255,255
254,254,254
102,102,104
29,29,32
33,33,36
92,92,94
253,253,253
255,255,255
255,255,255
239,239,239
32,32,35
35,35,38
35,35,38
34,34,37
31,31,34
28,28,31
28,28,31
31,31,34
34,34,37
35,35,38
35,35,38
16,16,18
244,244,244
255,255,255
255,255,255
255,255,255
255,255,255
255,255,255
255,255,255
255,255,255
255,255,255
255,255,255
252,252,252
91,91,94
20,20,23
125,125,126
249,249,249
255,255,255
255,255,255
255,255,255
169,169,170
19,19,23
35,35,38
35,35,38
35,35,38
35,35,38
35,35,38
35,35,38
35,35,38
36,36,39
21,21,25
196,196,198
255,255,255
255,255,255
255,255,255
255,255,255
255,255,255
255,255,255
255,255,255
255,255,255
255,255,255
255,255,255
255,255,255
249,249,249
208,208,209
253,253,253
255,255,255
255,255,255
255,255,255
255,255,255
253,253,253
162,162,164
20,20,24
35,35,39
35,35,38
35,35,38
35,35,38
35,35,38
35,35,38
20,20,23
193,193,194
255,255,255
255,255,255
255,255,255
255,255,255
255,255,255
255,255,255
255,255,255
255,255,255
255,255,255
255,255,255
255,255,255
255,255,255
255,255,255
255,255,255
255,255,255
255,255,255
255,255,255
255,255,255
255,255,255
255,255,255
255,255,255
223,223,223
128,128,130
48,48,50
38,38,41
40,40,43
56,56,59
154,154,156
238,238,238
255,255,255
255,255,255
255,255,255
255,255,255
255,255,255
255,255,255
255,255,255
255,255,255
255,255,255
255,255,255
255,255,255
255,255,255
255,255,255
255,255,255
255,255,255
255,255,255
255,255,255
255,255,255
255,255,255
255,255,255
255,255,255
255,255,255
255,255,255
255,255,255
251,251,251
241,241,241
243,243,243
253,253,253
255,255,255
255,255,255
255,255,255
255,255,255
255,255,255
255,255,255
255,255,255
255,255,255
255,255,255
255,255,255
255,255,255
255,255,255
255,255,255
255,255,255
255,255,255
255,255,255
255,255,255
255,255,255
255,255,255
255,255,255
255,255,255
255,255,255
255,255,255
255,255,255
255,255,255
255,255,255
255,255,255
255,255,255
255,255,255
255,255,255
255,255,255
255,255,255
255,255,255
255,255,255
255,255,255
255,255,255
255,255,255
255,255,255
255,255,255
255,255,255
255,255,255
255,255,255
255,255,255
255,255,255
255,255,255
255,255,255
255,255,255
255,255,255
255,255,255
255,255,255
255,255,255
255,255,255
255,255,255
255,255,255
255,255,255
255,255,255
255,255,255
255,255,255
255,255,255
255,255,255
255,255,255
255,255,255
255,255,255
255,255,255
255,255,255
255,255,255
255,255,255
255,255,255
255,255,255
255,255,255
255,255,255
255,255,255
255,255,255
255,255,255
255,255,255
255,255,255
255,255,255
255,255,255
255,255,255
255,255,255
255,255,255
255,255,255
255,255,255
255,255,255
255,255,255
255,255,255
255,255,255
255,255,255
255,255,255
255,255,255
255,255,255
255,255,255
255,255,255
255,255,255
255,255,255
255,255,255
255,255,255
255,255,255
255,255,255
255,255,255
255,255,255
255,255,255
255,255,255
255,255,255
255,255,255
255,255,255
255,255,255
255,255,255
255,255,255
255,255,255
255,255,255
255,255,255
255,255,255
255,255,255
255,255,255
255,255,255
255,255,255
255,255,255
255,255,255
255,255,255
255,255,255
255,255,255
255,255,255
255,255,255
255,255,255
255,255,255
255,255,255
255,255,255
255,255,255
255,255,255
255,255,255
255,255,255
255,255,255
255,255,255
255,255,255
255,255,255
255,255,255
255,255,255
255,255,255
255,255,255
255,255,255
255,255,255
255,255,255
255,255,255
255,255,255
255,255,255
255,255,255
255,255,255
255,255,255
255,255,255
255,255,255
255,255,255
255,255,255
255,255,255
255,255,255
255,255,255
255,255,255
255,255,255
255,255,255
255,255,255
255,255,255
255,255,255
255,255,255
255,255,255
255,255,255
255,255,255
255,255,255
255,255,255
255,255,255
255,255,255
255,255,255
255,255,255
255,255,255
255,255,255
255,255,255
255,255,255
255,255,255
255,255,255
255,255,255
255,255,255
255,255,255
255,255,255
255,255,255
255,255,255
255,255,255
255,255,255
255,255,255
255,255,255
255,255,255
255,255,255
255,255,255
255,255,255
255,255,255
255,255,255
255,255,255
255,255,255
255,255,255
255,255,255
255,255,255
255,255,255
255,255,255
255,255,255
255,255,255
255,255,255
255,255,255
255,255,255
255,255,255
255,255,255
255,255,255
255,255,255
255,255,255
255,255,255
255,255,255
255,255,255
255,255,255
255,255,255
255,255,255
255,255,255
255,255,255
255,255,255
255,255,255
255,255,255
255,255,255
255,255,255
255,255,255
255,255,255
255,255,255
255,255,255
255,255,255
255,255,255
255,255,255
255,255,255
255,255,255
255,255,255
255,255,255
255,255,255
255,255,255
255,255,255
255,255,255
255,255,255
255,255,255
255,255,255
255,255,255
255,255,255
255,255,255
255,255,255
255,255,255
255,255,255
255,255,255
255,255,255
255,255,255
255,255,255
255,255,255
255,255,255
255,255,255
255,255,255
255,255,255
255,255,255
255,255,255
255,255,255
255,255,255
255,255,255
255,255,255
255,255,255
255,255,255
255,255,255
255,255,255
255,255,255
255,255,255
255,255,255
255,255,255
255,255,255
255,255,255
255,255,255
255,255,255
255,255,255
255,255,255
255,255,255
255,255,255
255,255,255
255,255,255
255,255,255
255,255,255
255,255,255
255,255,255
255,255,255
255,255,255
255,255,255
255,255,255
255,255,255
255,255,255
255,255,255
255,255,255
255,255,255
255,255,255
255,255,255
255,255,255
255,255,255
255,255,255
255,255,255
255,255,255
255,255,255
255,255,255
255,255,255
255,255,255
255,255,255
255,255,255
255,255,255
255,255,255
255,255,255
255,255,255
255,255,255
255,255,255
255,255,255
255,255,255
255,255,255
255,255,255
255,255,255
255,255,255
255,255,255
255,255,255
255,255,255
255,255,255
255,255,255
255,255,255
255,255,255
255,255,255
255,255,255
255,255,255
255,255,255
255,255,255
255,255,255
255,255,255
255,255,255
255,255,255
255,255,255
255,255,255
255,255,255
255,255,255
255,255,255
255,255,255
255,255,255
255,255,255
255,255,255
255,255,255
255,255,255
