255,255,255
255,255,255
255,255,255
255,255,255
255,255,255
255,255,255
255,255,255
255,255,255
255,255,255
255,255,255
255,255,255
255,255,255
255,255,255
255,255,255
255,255,255
255,255,255
255,255,255
255,255,255
255,255,255
255,255,255
255,255,255
255,255,255
255,255,255
255,255,255
255,255,255
255,255,255
255,255,255
255,255,255
255,255,255
255,255,255
255,255,255
255,255,255
254,254,254
255,255,255
255,255,255
255,255,255
255,255,255
255,255,255
255,255,255
255,255,255
231,231,232
139,139,140
105,105,107
100,100,102
141,141,142
239,239,239
255,255,255
255,255,255
255,255,255
255,255,255
255,255,255
255,255,255
255,255,255
255,255,255
255,255,255
255,255,255
255,255,255
255,255,255
255,255,255
255,255,255
162,162,163
70,70,72
54,54,56
60,60,63
98,98,101
215,215,216
255,255,255
255,255,255
255,255,255
156,156,158
38,38,41
31,31,34
32,32,35
32,32,35
31,31,34
34,34,37
161,161,162
255,255,255
255,255,255
255,255,255
255,255,255
255,255,255
255,255,255
255,255,255
255,255,255
255,255,255
255,255,255
255,255,255
255,255,255
255,255,255
25,25,28
35,35,38
35,35,38
35,35,38
32,32,34
28,28,31
173,173,174
255,255,255
171,171,172
24,24,27
35,35,38
35,35,38
35,35,38
35,35,38
35,35,38
35,35,38
24,24,27
176,176,178
255,255,255
255,255,255
255,255,255
255,255,255
255,255,255
255,255,255
255,255,255
255,255,255
255,255,255
255,255,255
255,255,255
255,255,255
35,35,38
35,35,38
35,35,38
34,34,37
35,35,38
35,35,38
35,35,38
208,208,209
44,44,46
35,35,38
35,35,38
28,28,31
30,30,33
24,24,27
34,34,37
35,35,38
35,35,38
24,24,27
245,245,245
255,255,255
255,255,255
255,255,255
255,255,255
255,255,255
255,255,255
255,255,255
255,255,255
255,255,255
255,255,255
255,255,255
35,35,38
29,29,32
66,66,68
74,74,77
34,34,37
33,33,36
34,34,37
37,37,40
32,32,35
35,35,38
38,38,41
176,176,178
231,231,231
210,210,210
89,89,91
30,30,33
35,35,38
31,31,34
144,144,146
255,255,255
255,255,255
255,255,255
255,255,255
255,255,255
255,255,255
255,255,255
255,255,255
255,255,255
255,255,255
255,255,255
31,31,34
178,178,179
255,255,255
255,255,255
220,220,221
62,62,65
35,35,38
35,35,38
35,35,38
28,28,32
189,189,190
255,255,255
255,255,255
255,255,255
250,250,250
56,56,59
35,35,38
35,35,38
39,39,42
251,251,251
255,255,255
255,255,255
255,255,255
255,255,255
255,255,255
255,255,255
184,184,185
102,102,104
101,101,103
180,180,180
140,140,142
255,255,255
255,255,255
255,255,255
255,255,255
211,211,212
30,30,33
35,35,38
33,33,36
72,72,75
255,255,255
255,255,255
255,255,255
255,255,255
255,255,255
209,209,209
30,30,33
35,35,38
14,14,17
244,244,244
255,255,255
255,255,255
255,255,255
255,255,255
255,255,255
130,130,132
21,21,24
35,35,38
35,35,38
25,25,29
222,222,223
255,255,255
255,255,255
255,255,255
255,255,255
255,255,255
66,66,68
35,35,38
30,30,33
125,125,127
255,255,255
255,255,255
255,255,255
255,255,255
255,255,255
244,244,244
21,21,24
35,35,38
24,24,27
232,232,233
255,255,255
255,255,255
255,255,255
255,255,255
229,229,230
30,30,33
35,35,38
35,35,38
35,35,38
35,35,38
234,234,234
255,255,255
255,255,255
255,255,255
255,255,255
255,255,255
97,97,99
32,32,35
31,31,34
152,152,153
255,255,255
255,255,255
255,255,255
255,255,255
255,255,255
248,248,248
14,14,17
35,35,38
27,27,30
223,223,223
255,255,255
255,255,255
255,255,255
255,255,255
192,192,193
23,23,27
35,35,38
35,35,38
35,35,38
35,35,38
226,226,227
255,255,255
255,255,255
255,255,255
255,255,255
255,255,255
73,73,75
35,35,38
30,30,33
132,132,134
255,255,255
255,255,255
255,255,255
255,255,255
255,255,255
245,245,246
19,19,22
35,35,38
25,25,28
229,229,230
255,255,255
255,255,255
255,255,255
255,255,255
227,227,228
31,31,35
35,35,38
35,35,38
35,35,38
35,35,38
175,175,176
255,255,255
255,255,255
255,255,255
255,255,255
233,233,233
37,37,40
35,35,38
32,32,35
92,92,94
255,255,255
255,255,255
255,255,255
255,255,255
255,255,255
229,229,229
27,27,30
35,35,38
19,19,22
242,242,241
255,255,255
255,255,255
255,255,255
255,255,255
255,255,255
135,135,137
28,28,31
31,31,33
31,31,34
30,30,32
39,39,42
225,225,225
255,255,255
255,255,255
246,246,246
104,104,106
33,33,36
35,35,38
35,35,38
30,30,33
229,229,229
255,255,255
255,255,255
255,255,255
254,254,254
95,95,98
35,35,38
35,35,38
20,20,23
249,249,249
255,255,255
255,255,255
255,255,255
255,255,255
255,255,255
255,255,255
194,194,194
102,102,104
101,101,104
191,191,192
36,36,39
28,28,31
111,111,113
126,126,128
49,49,52
30,30,33
35,35,38
32,32,35
35,35,38
34,34,37
51,51,54
236,236,236
252,252,252
245,245,245
152,152,154
26,26,29
35,35,38
35,35,38
112,112,114
255,255,255
255,255,255
255,255,255
255,255,255
255,255,255
255,255,255
255,255,255
255,255,255
255,255,255
255,255,255
255,255,255
35,35,38
35,35,38
33,33,36
32,32,35
35,35,38
35,35,38
28,28,31
163,163,164
28,28,31
35,35,38
34,34,37
28,28,31
45,45,47
33,33,36
29,29,32
35,35,38
35,35,38
16,16,19
232,232,232
255,255,255
255,255,255
255,255,255
255,255,255
255,255,255
255,255,255
255,255,255
255,255,255
255,255,255
255,255,255
255,255,255
34,34,37
35,35,38
35,35,38
35,35,38
34,34,37
26,26,29
124,124,127
255,255,255
144,144,146
25,25,28
35,35,38
35,35,38
35,35,38
35,35,38
35,35,38
35,35,38
32,32,35
115,115,117
255,255,255
255,255,255
255,255,255
255,255,255
255,255,255
255,255,255
255,255,255
255,255,255
255,255,255
255,255,255
255,255,255
255,255,255
85,85,86
12,12,15
15,15,18
9,9,13
32,32,35
168,168,170
255,255,255
255,255,255
255,255,255
108,108,109
21,21,24
35,35,38
35,35,38
35,35,38
35,35,38
22,22,25
86,86,89
255,255,255
255,255,255
255,255,255
255,255,255
255,255,255
255,255,255
255,255,255
255,255,255
255,255,255
255,255,255
255,255,255
255,255,255
255,255,255
255,255,255
252,252,252
244,244,244
251,251,251
253,253,253
255,255,255
255,255,255
255,255,255
255,255,255
254,254,254
202,202,204
67,67,70
23,23,27
23,23,26
72,72,74
204,204,205
255,255,255
255,255,255
255,255,255
255,255,255
255,255,255
255,255,255
255,255,255
255,255,255
255,255,255
255,255,255
255,255,255
255,255,255
255,255,255
255,255,255
255,255,255
255,255,255
255,255,255
255,255,255
255,255,255
255,255,255
255,255,255
255,255,255
255,255,255
255,255,255
255,255,255
254,254,254
251,251,251
251,251,251
254,254,254
255,255,255
255,255,255
255,255,255
255,255,255
255,255,255
255,255,255
255,255,255
255,255,255
255,255,255
255,255,255
255,255,255
255,255,255
255,255,255
255,255,255
255,255,255
255,255,255
255,255,255
255,255,255
255,255,255
255,255,255
255,255,255
255,255,255
255,255,255
255,255,255
255,255,255
255,255,255
255,255,255
255,255,255
255,255,255
255,255,255
255,255,255
255,255,255
255,255,255
255,255,255
255,255,255
255,255,255
255,255,255
255,255,255
255,255,255
255,255,255
255,255,255
255,255,255
255,255,255
255,255,255
255,255,255
255,255,255
255,255,255
255,255,255
255,255,255
255,255,255
255,255,255
255,255,255
255,255,255
255,255,255
255,255,255
255,255,255
255,255,255
255,255,255
255,255,255
255,255,255
255,255,255
255,255,255
255,255,255
255,255,255
255,255,255
255,255,255
255,255,255
255,255,255
255,255,255
255,255,255
255,255,255
255,255,255
255,255,255
255,255,255
255,255,255
255,255,255
255,255,255
255,255,255
255,255,255
255,255,255
255,255,255
255,255,255
255,255,255
255,255,255
255,255,255
255,255,255
255,255,255
255,255,255
255,255,255
255,255,255
255,255,255
255,255,255
255,255,255
255,255,255
255,255,255
255,255,255
255,255,255
255,255,255
255,255,255
255,255,255
255,255,255
255,255,255
255,255,255
255,255,255
255,255,255
255,255,255
255,255,255
255,255,255
255,255,255
255,255,255
255,255,255
255,255,255
255,255,255
255,255,255
255,255,255
255,255,255
255,255,255
255,255,255
255,255,255
255,255,255
255,255,255
255,255,255
255,255,255
255,255,255
255,255,255
255,255,255
255,255,255
255,255,255
255,255,255
255,255,255
255,255,255
255,255,255
255,255,255
255,255,255
255,255,255
255,255,255
255,255,255
255,255,255
255,255,255
255,255,255
255,255,255
255,255,255
255,255,255
255,255,255
255,255,255
255,255,255
255,255,255
255,255,255
255,255,255
255,255,255
255,255,255
255,255,255
255,255,255
255,255,255
255,255,255
255,255,255
255,255,255
255,255,255
255,255,255
255,255,255
255,255,255
255,255,255
255,255,255
255,255,255
255,255,255
255,255,255
255,255,255
255,255,255
255,255,255
255,255,255
255,255,255
255,255,255
255,255,255
255,255,255
255,255,255
255,255,255
255,255,255
255,255,255
255,255,255
255,255,255
255,255,255
255,255,255
255,255,255
255,255,255
255,255,255
255,255,255
255,255,255
255,255,255
255,255,255
255,255,255
255,255,255
255,255,255
255,255,255
255,255,255
255,255,255
255,255,255
255,255,255
255,255,255
255,255,255
255,255,255
255,255,255
255,255,255
255,255,255
255,255,255
255,255,255
255,255,255
255,255,255
255,255,255
255,255,255
255,255,255
255,255,255
255,255,255
255,255,255
255,255,255
255,255,255
255,255,255
255,255,255
255,255,255
255,255,255
255,255,255
255,255,255
255,255,255
255,255,255
255,255,255
255,255,255
255,255,255
255,255,255
255,255,255
255,255,255
255,255,255
255,255,255
255,255,255
255,255,255
255,255,255
255,255,255
255,255,255
255,255,255
255,255,255
255,255,255
255,255,255
255,255,255
255,255,255
255,255,255
255,255,255
255,255,255
255,255,255
255,255,255
255,255,255
255,255,255
255,255,255
255,255,255
255,255,255
255,255,255
255,255,255
255,255,255
255,255,255
255,255,255
255,255,255
255,255,255
255,255,255
255,255,255
255,255,255
255,255,255
255,255,255
255,255,255
255,255,255
255,255,255
255,255,255
255,255,255
255,255,255
255,255,255
255,255,255
255,255,255
255,255,255
255,255,255
255,255,255
255,255,255
255,255,255
255,255,255
255,255,255
255,255,255
255,255,255
255,255,255
255,255,255
255,255,255
255,255,255
255,255,255
255,255,255
255,255,255
255,255,255
255,255,255
255,255,255
255,255,255
255,255,255
255,255,255
255,255,255
255,255,255
255,255,255
255,255,255
255,255,255
255,255,255
255,255,255
255,255,255
255,255,255
255,255,255
255,255,255
255,255,255
255,255,255
255,255,255
255,255,255
255,255,255
255,255,255
255,255,255
255,255,255
255,255,255
255,255,255
255,255,255
255,255,255
255,255,255
255,255,255
255,255,255
255,255,255
255,255,255
255,255,255
255,255,255
255,255,255
255,255,255
255,255,255
255,255,255
255,255,255
255,255,255
255,255,255
255,255,255
255,255,255
255,255,255
255,255,255
255,255,255
255,255,255
255,255,255
255,255,255
255,255,255
255,255,255
255,255,255
255,255,255
255,255,255
