255,255,255
255,255,255
255,255,255
255,255,255
255,255,255
255,255,255
255,255,255
255,255,255
255,255,255
255,255,255
255,255,255
255,255,255
251,241,241
251,238,238
255,255,255
255,255,255
255,255,255
255,255,255
255,255,255
255,255,255
255,255,255
255,255,255
255,255,255
255,255,255
255,255,255
255,255,255
255,255,255
255,255,255
255,255,255
255,255,255
255,255,255
245,219,219
239,195,195
243,208,208
250,236,236
255,255,255
255,255,255
255,255,255
255,255,255
253,246,246
229,161,161
210,88,88
205,75,75
206,74,74
210,90,90
230,162,162
255,255,255
255,255,255
255,255,255
255,255,255
255,255,255
255,255,255
255,255,255
255,255,255
255,255,255
255,255,255
255,255,255
255,255,255
255,255,255
250,237,237
212,97,97
202,64,64
203,66,66
202,64,64
205,70,70
225,145,145
253,246,246
255,255,255
252,242,242
214,104,104
204,69,69
205,73,73
205,73,73
205,73,73
205,73,73
204,68,68
212,97,97
254,252,252
255,255,255
255,255,255
255,255,255
255,255,255
255,255,255
255,255,255
255,255,255
255,255,255
255,255,255
250,236,236
219,122,122
205,72,72
205,72,72
205,73,73
205,73,73
205,73,73
205,73,73
203,66,66
220,124,124
255,254,254
222,133,133
203,67,67
205,73,73
205,73,73
205,71,71
205,73,73
205,73,73
205,73,73
204,71,71
218,119,119
255,254,254
255,255,255
255,255,255
255,255,255
255,255,255
255,255,255
255,255,255
255,255,255
254,251,251
213,101,101
204,69,69
205,73,73
205,73,73
205,72,72
204,70,70
204,70,70
204,71,71
205,73,73
204,68,68
226,149,149
204,67,67
205,73,73
204,71,71
209,87,87
219,122,122
213,100,100
205,71,71
205,73,73
205,73,73
202,60,60
246,223,223
255,255,255
255,255,255
255,255,255
255,255,255
255,255,255
255,255,255
255,255,255
238,193,193
203,66,66
205,73,73
205,73,73
204,71,71
210,92,92
233,171,171
235,180,180
217,118,118
203,68,68
205,73,73
204,68,68
205,73,73
204,71,71
216,110,110
254,250,250
255,255,255
255,255,255
238,191,191
203,65,65
205,73,73
205,73,73
219,121,121
255,254,254
255,255,255
255,255,255
255,255,255
255,255,255
255,255,255
255,255,255
227,151,151
205,71,71
205,73,73
205,73,73
210,90,90
252,245,245
255,255,255
255,255,255
255,255,255
227,151,151
204,70,70
205,73,73
205,73,73
205,74,74
252,244,244
255,255,255
255,255,255
255,255,255
255,255,255
224,141,141
205,72,72
205,73,73
201,57,57
253,249,249
255,255,255
255,255,255
255,255,255
255,255,255
255,255,255
255,255,255
233,172,172
204,69,69
205,73,73
205,73,73
241,205,205
255,255,255
255,255,255
255,255,255
255,255,255
253,246,246
207,80,80
205,73,73
204,70,70
221,130,130
255,255,255
255,255,255
255,255,255
255,255,255
255,255,255
252,241,241
203,65,65
205,73,73
202,61,61
252,242,242
255,255,255
255,255,255
255,255,255
255,255,255
255,255,255
255,255,255
251,241,241
206,77,77
205,72,72
205,73,73
249,232,232
255,255,255
255,255,255
255,255,255
255,255,255
255,255,255
215,108,108
205,73,73
204,69,69
229,158,158
255,255,255
255,255,255
255,255,255
255,255,255
255,255,255
253,248,248
202,59,59
205,73,73
202,66,66
249,232,232
255,255,255
255,255,255
255,255,255
255,255,255
255,255,255
255,255,255
255,255,255
246,221,221
207,78,78
205,73,73
250,237,237
255,255,255
255,255,255
255,255,255
255,255,255
255,255,255
219,122,122
205,71,71
204,69,69
232,169,169
255,255,255
255,255,255
255,255,255
255,255,255
255,255,255
254,249,249
200,56,56
205,73,73
203,66,66
248,228,228
255,255,255
255,255,255
255,255,255
255,255,255
255,255,255
255,255,255
255,255,255
235,183,183
205,72,72
205,73,73
247,225,225
255,255,255
255,255,255
255,255,255
255,255,255
255,254,254
211,95,95
205,73,73
204,69,69
225,143,143
255,255,255
255,255,255
255,255,255
255,255,255
255,255,255
252,245,245
201,62,62
205,73,73
202,63,63
250,237,237
255,255,255
255,255,255
255,255,255
255,255,255
255,255,255
255,255,255
247,224,224
203,67,67
205,73,73
205,73,73
223,136,136
255,254,254
255,255,255
255,255,255
255,255,255
242,204,204
203,64,64
205,73,73
205,72,72
211,92,92
255,254,254
255,255,255
255,255,255
255,255,255
255,255,255
242,205,205
204,71,71
205,73,73
200,54,54
253,247,247
255,255,255
255,255,255
255,255,255
255,255,255
255,255,255
255,255,255
228,157,157
205,71,71
205,73,73
205,73,73
203,66,66
231,166,166
255,254,254
255,254,254
245,216,216
205,72,72
205,73,73
205,73,73
205,73,73
204,66,66
235,180,180
255,255,255
255,255,255
255,255,255
254,249,249
205,73,73
205,73,73
205,73,73
209,83,83
254,252,252
255,255,255
255,255,255
255,255,255
255,255,255
255,255,255
255,255,255
228,155,155
205,71,71
205,73,73
205,73,73
205,73,73
204,68,68
202,61,61
203,66,66
202,62,62
205,73,73
205,72,72
207,78,78
204,69,69
205,73,73
204,67,67
227,152,152
251,239,239
240,200,200
207,79,79
205,73,73
205,73,73
204,68,68
235,180,180
255,255,255
255,255,255
255,255,255
255,255,255
255,255,255
255,255,255
255,255,255
244,214,214
203,65,65
205,73,73
205,73,73
205,73,73
205,73,73
205,73,73
205,73,73
205,73,73
205,73,73
206,74,74
252,242,242
211,93,93
205,73,73
205,73,73
205,71,71
204,71,71
204,71,71
205,72,72
205,73,73
205,73,73
203,64,64
254,250,250
255,255,255
255,255,255
255,255,255
255,255,255
255,255,255
255,255,255
255,255,255
255,254,254
221,132,132
203,66,66
205,73,73
202,60,60
205,72,72
205,73,73
205,73,73
203,67,67
204,70,70
245,219,219
255,255,255
245,218,218
203,65,65
205,74,74
205,73,73
205,73,73
205,73,73
205,73,73
205,74,74
201,57,57
248,227,227
255,255,255
255,255,255
255,255,255
255,255,255
255,255,255
255,255,255
255,255,255
255,255,255
255,255,255
254,252,252
238,189,189
211,93,93
247,224,224
223,137,137
214,107,107
219,121,121
233,174,174
252,243,243
255,255,255
255,255,255
255,255,255
244,214,214
207,79,79
203,65,65
205,73,73
205,73,73
203,66,66
204,72,72
247,225,225
255,255,255
255,255,255
255,255,255
255,255,255
255,255,255
255,255,255
255,255,255
255,255,255
255,255,255
255,255,255
255,255,255
255,255,255
255,254,254
255,255,255
255,255,255
255,254,254
255,255,255
255,255,255
255,255,255
255,255,255
255,255,255
255,255,255
255,255,255
253,246,246
243,211,211
235,180,180
235,180,180
244,212,212
253,247,247
255,255,255
255,255,255
255,255,255
255,255,255
255,255,255
255,255,255
255,255,255
255,255,255
255,255,255
255,255,255
255,255,255
255,255,255
255,255,255
255,255,255
255,255,255
255,255,255
255,255,255
255,255,255
255,255,255
255,255,255
255,255,255
255,255,255
255,255,255
255,255,255
255,255,255
255,255,255
255,255,255
255,255,255
255,255,255
255,255,255
255,255,255
255,255,255
255,255,255
255,255,255
255,255,255
255,255,255
255,255,255
255,255,255
255,255,255
255,255,255
255,255,255
255,255,255
255,255,255
255,255,255
255,255,255
255,255,255
255,255,255
255,255,255
255,255,255
255,255,255
255,255,255
255,255,255
255,255,255
255,255,255
255,255,255
255,255,255
255,255,255
255,255,255
255,255,255
255,255,255
255,255,255
255,255,255
255,255,255
255,255,255
255,255,255
255,255,255
255,255,255
255,255,255
255,255,255
255,255,255
255,255,255
255,255,255
255,255,255
255,255,255
255,255,255
255,255,255
255,255,255
255,255,255
255,255,255
255,255,255
255,255,255
255,255,255
255,255,255
255,255,255
255,255,255
255,255,255
255,255,255
255,255,255
255,255,255
255,255,255
255,255,255
255,255,255
255,255,255
255,255,255
255,255,255
255,255,255
255,255,255
255,255,255
255,255,255
255,255,255
255,255,255
255,255,255
255,255,255
255,255,255
255,255,255
255,255,255
255,255,255
255,255,255
255,255,255
255,255,255
255,255,255
255,255,255
255,255,255
255,255,255
255,255,255
255,255,255
255,255,255
255,255,255
255,255,255
255,255,255
255,255,255
255,255,255
255,255,255
255,255,255
255,255,255
255,255,255
255,255,255
255,255,255
255,255,255
255,255,255
255,255,255
255,255,255
255,255,255
255,255,255
255,255,255
255,255,255
255,255,255
255,255,255
255,255,255
255,255,255
255,255,255
255,255,255
255,255,255
255,255,255
255,255,255
255,255,255
255,255,255
255,255,255
255,255,255
255,255,255
255,255,255
255,255,255
255,255,255
255,255,255
255,255,255
255,255,255
255,255,255
255,255,255
255,255,255
255,255,255
255,255,255
255,255,255
255,255,255
255,255,255
255,255,255
255,255,255
255,255,255
255,255,255
255,255,255
255,255,255
255,255,255
255,255,255
255,255,255
255,255,255
255,255,255
255,255,255
255,255,255
255,255,255
255,255,255
255,255,255
255,255,255
255,255,255
255,255,255
255,255,255
255,255,255
255,255,255
255,255,255
255,255,255
255,255,255
255,255,255
255,255,255
255,255,255
255,255,255
255,255,255
255,255,255
255,255,255
255,255,255
255,255,255
255,255,255
255,255,255
255,255,255
255,255,255
255,255,255
255,255,255
255,255,255
255,255,255
255,255,255
255,255,255
255,255,255
255,255,255
255,255,255
255,255,255
255,255,255
255,255,255
255,255,255
255,255,255
255,255,255
255,255,255
255,255,255
255,255,255
255,255,255
255,255,255
255,255,255
255,255,255
255,255,255
255,255,255
255,255,255
255,255,255
255,255,255
255,255,255
255,255,255
255,255,255
255,255,255
255,255,255
255,255,255
255,255,255
255,255,255
255,255,255
255,255,255
255,255,255
255,255,255
255,255,255
255,255,255
255,255,255
255,255,255
255,255,255
255,255,255
255,255,255
255,255,255
255,255,255
255,255,255
255,255,255
255,255,255
255,255,255
255,255,255
255,255,255
255,255,255
255,255,255
255,255,255
255,255,255
255,255,255
255,255,255
255,255,255
255,255,255
255,255,255
255,255,255
255,255,255
255,255,255
255,255,255
255,255,255
255,255,255
255,255,255
255,255,255
255,255,255
255,255,255
255,255,255
255,255,255
255,255,255
255,255,255
255,255,255
255,255,255
255,255,255
255,255,255
255,255,255
255,255,255
255,255,255
255,255,255
255,255,255
255,255,255
255,255,255
255,255,255
255,255,255
255,255,255
255,255,255
255,255,255
255,255,255
255,255,255
255,255,255
255,255,255
255,255,255
255,255,255
255,255,255
255,255,255
255,255,255
255,255,255
255,255,255
255,255,255
255,255,255
255,255,255
255,255,255
255,255,255
255,255,255
255,255,255
255,255,255
255,255,255
255,255,255
255,255,255
255,255,255
255,255,255
255,255,255
255,255,255
255,255,255
255,255,255
255,255,255
255,255,255
255,255,255
255,255,255
255,255,255
255,255,255
255,255,255
255,255,255
255,255,255
255,255,255
255,255,255
255,255,255
255,255,255
255,255,255
255,255,255
255,255,255
255,255,255
255,255,255
255,255,255
255,255,255
255,255,255
255,255,255
255,255,255
255,255,255
255,255,255
255,255,255
255,255,255
255,255,255
255,255,255
255,255,255
255,255,255
255,255,255
255,255,255
255,255,255
255,255,255
255,255,255
255,255,255
255,255,255
255,255,255
255,255,255
255,255,255
255,255,255
255,255,255
255,255,255
255,255,255
255,255,255
255,255,255
255,255,255
255,255,255
255,255,255
255,255,255
