255,255,255
255,255,255
255,255,255
255,255,255
255,255,255
255,255,255
255,255,255
255,255,255
255,255,255
255,255,255
255,255,255
255,255,255
255,255,255
255,255,255
255,255,255
255,255,255
255,255,255
255,255,255
255,255,255
255,255,255
255,255,255
255,255,255
255,255,255
255,255,255
255,255,255
255,255,255
255,255,255
255,255,255
255,255,255
255,255,255
255,255,255
255,255,255
254,254,254
255,255,255
255,255,255
255,255,255
255,255,255
255,255,255
255,255,255
255,255,255
231,231,232
139,139,141
105,105,107
100,100,102
141,141,142
239,239,239
255,255,255
255,255,255
255,255,255
255,255,255
255,255,255
255,255,255
255,255,255
255,255,255
255,255,255
255,255,255
255,255,255
255,255,255
255,255,255
255,255,255
162,162,163
70,70,73
54,54,56
61,61,63
98,98,101
215,215,216
255,255,255
255,255,255
255,255,255
157,157,158
38,38,41
31,31,34
32,32,35
32,32,35
31,31,34
34,34,37
161,161,163
255,255,255
255,255,255
255,255,255
255,255,255
255,255,255
255,255,255
255,255,255
255,255,255
255,255,255
255,255,255
255,255,255
255,255,255
255,255,255
25,25,28
35,35,38
35,35,38
35,35,38
32,32,34
27,27,30
173,173,174
255,255,255
170,170,172
24,24,27
35,35,38
35,35,38
35,35,38
35,35,38
35,35,38
35,35,38
24,24,27
176,176,177
255,255,255
255,255,255
255,255,255
255,255,255
255,255,255
255,255,255
255,255,255
255,255,255
255,255,255
255,255,255
255,255,255
255,255,255
35,35,38
35,35,38
35,35,38
34,34,37
35,35,38
35,35,38
35,35,38
208,208,209
44,44,46
35,35,38
35,35,38
28,28,31
30,30,33
24,24,27
34,34,37
35,35,38
35,35,38
24,24,27
244,244,244
255,255,255
255,255,255
255,255,255
255,255,255
255,255,255
255,255,255
255,255,255
255,255,255
255,255,255
255,255,255
138,138,140
35,35,38
29,29,32
66,66,68
74,74,77
34,34,37
33,33,36
34,34,37
37,37,40
32,32,35
35,35,38
38,38,41
176,176,178
231,231,231
210,210,211
89,89,91
30,30,33
35,35,38
31,31,34
144,144,146
255,255,255
255,255,255
255,255,255
255,255,255
255,255,255
255,255,255
255,255,255
255,255,255
255,255,255
149,149,151
25,25,27
31,31,34
178,178,179
255,255,255
255,255,255
220,220,221
62,62,65
35,35,38
35,35,38
35,35,38
28,28,31
189,189,190
255,255,255
255,255,255
255,255,255
250,250,250
56,56,59
35,35,38
35,35,38
39,39,42
251,251,251
255,255,255
255,255,255
255,255,255
255,255,255
255,255,255
255,255,255
255,255,255
155,155,156
29,29,32
35,35,38
141,141,142
255,255,255
255,255,255
255,255,255
255,255,255
212,212,212
30,30,33
35,35,38
33,33,36
72,72,75
255,255,255
255,255,255
255,255,255
255,255,255
255,255,255
208,208,209
30,30,33
35,35,38
14,14,18
244,244,244
255,255,255
255,255,255
255,255,255
255,255,255
255,255,255
255,255,255
161,161,162
24,24,27
35,35,38
35,35,38
222,222,223
255,255,255
255,255,255
255,255,255
255,255,255
255,255,255
65,65,68
35,35,38
30,30,33
125,125,127
255,255,255
255,255,255
255,255,255
255,255,255
255,255,255
244,244,244
21,21,24
35,35,38
24,24,27
232,232,232
255,255,255
255,255,255
255,255,255
255,255,255
255,255,255
164,164,166
30,30,33
35,35,38
35,35,38
35,35,38
234,234,234
255,255,255
255,255,255
255,255,255
255,255,255
255,255,255
97,97,99
32,32,35
31,31,34
152,152,153
255,255,255
255,255,255
255,255,255
255,255,255
255,255,255
248,248,248
14,14,18
35,35,38
27,27,30
222,222,223
255,255,255
255,255,255
255,255,255
255,255,255
230,230,230
30,30,32
34,34,37
35,35,38
35,35,38
35,35,38
226,226,227
255,255,255
255,255,255
255,255,255
255,255,255
255,255,255
73,73,75
35,35,38
30,30,33
132,132,134
255,255,255
255,255,255
255,255,255
255,255,255
255,255,255
245,245,246
19,19,22
35,35,38
25,25,28
229,229,230
255,255,255
255,255,255
255,255,255
255,255,255
255,255,255
198,198,198
35,35,38
35,35,38
35,35,38
35,35,38
174,174,176
255,255,255
255,255,255
255,255,255
255,255,255
233,233,233
37,37,41
35,35,38
32,32,35
92,92,94
255,255,255
255,255,255
255,255,255
255,255,255
255,255,255
229,229,229
27,27,30
35,35,38
19,19,22
241,241,241
255,255,255
255,255,255
255,255,255
255,255,255
255,255,255
255,255,255
196,196,197
32,32,34
35,35,38
35,35,38
40,40,43
225,225,225
255,255,255
255,255,255
246,246,246
104,104,106
33,33,36
35,35,38
35,35,38
30,30,33
228,228,229
255,255,255
255,255,255
255,255,255
254,254,254
95,95,98
35,35,38
35,35,38
20,20,23
249,249,249
255,255,255
255,255,255
255,255,255
255,255,255
255,255,255
255,255,255
255,255,255
193,193,193
30,30,34
35,35,38
36,36,39
28,28,31
112,112,113
126,126,128
49,49,52
30,30,33
35,35,38
32,32,35
35,35,38
34,34,37
51,51,54
236,236,236
252,252,252
245,245,245
152,152,153
26,26,29
35,35,38
35,35,38
112,112,114
255,255,255
255,255,255
255,255,255
255,255,255
255,255,255
255,255,255
255,255,255
255,255,255
255,255,255
190,190,191
26,26,29
35,35,38
35,35,38
33,33,36
32,32,35
35,35,38
35,35,38
28,28,31
163,163,164
28,28,31
35,35,38
34,34,37
28,28,31
44,44,47
33,33,36
29,29,32
35,35,38
35,35,38
16,16,20
231,231,232
255,255,255
255,255,255
255,255,255
255,255,255
255,255,255
255,255,255
255,255,255
255,255,255
255,255,255
255,255,255
177,177,178
34,34,37
35,35,38
35,35,38
35,35,38
34,34,37
26,26,29
125,125,128
255,255,255
144,144,146
25,25,28
35,35,38
35,35,38
35,35,38
35,35,38
35,35,38
35,35,38
32,32,35
115,115,117
255,255,255
255,255,255
255,255,255
255,255,255
255,255,255
255,255,255
255,255,255
255,255,255
255,255,255
255,255,255
255,255,255
255,255,255
85,85,87
12,12,15
15,15,19
9,9,12
32,32,36
168,168,169
255,255,255
255,255,255
255,255,255
108,108,109
22,22,24
35,35,38
35,35,38
35,35,38
35,35,38
22,22,25
86,86,89
255,255,255
255,255,255
255,255,255
255,255,255
255,255,255
255,255,255
255,255,255
255,255,255
255,255,255
255,255,255
255,255,255
255,255,255
255,255,255
255,255,255
252,252,252
244,244,244
251,251,251
253,253,253
255,255,255
255,255,255
255,255,255
255,255,255
254,254,254
203,203,203
66,66,69
23,23,26
23,23,26
72,72,74
204,204,205
255,255,255
255,255,255
255,255,255
255,255,255
255,255,255
255,255,255
255,255,255
255,255,255
255,255,255
255,255,255
255,255,255
255,255,255
255,255,255
255,255,255
255,255,255
255,255,255
255,255,255
255,255,255
255,255,255
255,255,255
255,255,255
255,255,255
255,255,255
255,255,255
255,255,255
254,254,254
251,251,251
251,251,251
254,254,254
255,255,255
255,255,255
255,255,255
255,255,255
255,255,255
255,255,255
255,255,255
255,255,255
255,255,255
255,255,255
255,255,255
255,255,255
255,255,255
255,255,255
255,255,255
255,255,255
255,255,255
255,255,255
255,255,255
255,255,255
255,255,255
255,255,255
255,255,255
255,255,255
255,255,255
255,255,255
255,255,255
255,255,255
255,255,255
255,255,255
255,255,255
255,255,255
255,255,255
255,255,255
255,255,255
255,255,255
255,255,255
255,255,255
255,255,255
255,255,255
255,255,255
255,255,255
255,255,255
255,255,255
255,255,255
255,255,255
255,255,255
255,255,255
255,255,255
255,255,255
255,255,255
255,255,255
255,255,255
255,255,255
255,255,255
255,255,255
255,255,255
255,255,255
255,255,255
255,255,255
255,255,255
255,255,255
255,255,255
255,255,255
255,255,255
255,255,255
255,255,255
255,255,255
255,255,255
255,255,255
255,255,255
255,255,255
255,255,255
255,255,255
255,255,255
255,255,255
255,255,255
255,255,255
255,255,255
255,255,255
255,255,255
255,255,255
255,255,255
255,255,255
255,255,255
255,255,255
255,255,255
255,255,255
255,255,255
255,255,255
255,255,255
255,255,255
255,255,255
255,255,255
255,255,255
255,255,255
255,255,255
255,255,255
255,255,255
255,255,255
255,255,255
255,255,255
255,255,255
255,255,255
255,255,255
255,255,255
255,255,255
255,255,255
255,255,255
255,255,255
255,255,255
255,255,255
255,255,255
255,255,255
255,255,255
255,255,255
255,255,255
255,255,255
255,255,255
255,255,255
255,255,255
255,255,255
255,255,255
255,255,255
255,255,255
255,255,255
255,255,255
255,255,255
255,255,255
255,255,255
255,255,255
255,255,255
255,255,255
255,255,255
255,255,255
255,255,255
255,255,255
255,255,255
255,255,255
255,255,255
255,255,255
255,255,255
255,255,255
255,255,255
255,255,255
255,255,255
255,255,255
255,255,255
255,255,255
255,255,255
255,255,255
255,255,255
255,255,255
255,255,255
255,255,255
255,255,255
255,255,255
255,255,255
255,255,255
255,255,255
255,255,255
255,255,255
255,255,255
255,255,255
255,255,255
255,255,255
255,255,255
255,255,255
255,255,255
255,255,255
255,255,255
255,255,255
255,255,255
255,255,255
255,255,255
255,255,255
255,255,255
255,255,255
255,255,255
255,255,255
255,255,255
255,255,255
255,255,255
255,255,255
255,255,255
255,255,255
255,255,255
255,255,255
255,255,255
255,255,255
255,255,255
255,255,255
255,255,255
255,255,255
255,255,255
255,255,255
255,255,255
255,255,255
255,255,255
255,255,255
255,255,255
255,255,255
255,255,255
255,255,255
255,255,255
255,255,255
255,255,255
255,255,255
255,255,255
255,255,255
255,255,255
255,255,255
255,255,255
255,255,255
255,255,255
255,255,255
255,255,255
255,255,255
255,255,255
255,255,255
255,255,255
255,255,255
255,255,255
255,255,255
255,255,255
255,255,255
255,255,255
255,255,255
255,255,255
255,255,255
255,255,255
255,255,255
255,255,255
255,255,255
255,255,255
255,255,255
255,255,255
255,255,255
255,255,255
255,255,255
255,255,255
255,255,255
255,255,255
255,255,255
255,255,255
255,255,255
255,255,255
255,255,255
255,255,255
255,255,255
255,255,255
255,255,255
255,255,255
255,255,255
255,255,255
255,255,255
255,255,255
255,255,255
255,255,255
255,255,255
255,255,255
255,255,255
255,255,255
255,255,255
255,255,255
255,255,255
255,255,255
255,255,255
255,255,255
255,255,255
255,255,255
255,255,255
255,255,255
255,255,255
255,255,255
255,255,255
255,255,255
255,255,255
255,255,255
255,255,255
255,255,255
255,255,255
255,255,255
255,255,255
255,255,255
255,255,255
255,255,255
255,255,255
255,255,255
255,255,255
255,255,255
255,255,255
255,255,255
255,255,255
255,255,255
255,255,255
255,255,255
255,255,255
255,255,255
255,255,255
255,255,255
255,255,255
255,255,255
255,255,255
255,255,255
255,255,255
255,255,255
255,255,255
255,255,255
255,255,255
255,255,255
255,255,255
255,255,255
255,255,255
255,255,255
255,255,255
255,255,255
255,255,255
255,255,255
255,255,255
255,255,255
255,255,255
255,255,255
255,255,255
255,255,255
255,255,255
255,255,255
255,255,255
255,255,255
255,255,255
255,255,255
255,255,255
255,255,255
255,255,255
255,255,255
255,255,255
255,255,255
255,255,255
255,255,255
255,255,255
255,255,255
255,255,255
255,255,255
255,255,255
255,255,255
