255,255,255
255,255,255
255,255,255
255,255,255
255,255,255
255,255,255
255,255,255
255,255,255
255,255,255
255,255,255
255,255,255
255,255,255
255,255,255
255,255,255
255,255,255
255,255,255
255,255,255
255,255,255
255,255,255
255,255,255
255,255,255
255,255,255
255,255,255
255,255,255
255,255,255
255,255,255
255,255,255
255,255,255
255,255,255
255,255,255
255,255,255
244,214,214
227,153,153
220,125,125
217,116,116
221,130,130
234,176,176
250,236,236
255,255,255
255,255,255
255,255,255
255,255,255
255,255,255
255,255,255
255,255,255
255,255,255
248,228,228
255,255,255
255,255,255
255,255,255
255,255,255
255,255,255
255,255,255
255,255,255
255,255,255
255,255,255
255,255,255
255,255,255
255,255,255
255,255,255
216,114,114
202,64,64
205,71,71
205,73,73
205,73,73
205,73,73
204,68,68
205,71,71
233,172,172
255,255,255
255,255,255
255,255,255
255,255,255
255,255,255
254,253,253
236,182,182
202,61,61
245,216,216
255,255,255
255,255,255
255,255,255
255,255,255
255,255,255
255,255,255
255,255,255
255,255,255
255,255,255
255,255,255
254,250,250
243,211,211
204,70,70
205,73,73
205,73,73
205,73,73
205,73,73
205,73,73
205,73,73
205,73,73
203,65,65
230,163,163
255,255,255
255,255,255
255,255,255
253,248,248
219,120,120
202,62,62
205,73,73
204,70,70
254,251,251
255,255,255
255,255,255
255,255,255
255,255,255
255,255,255
255,255,255
255,255,255
255,255,255
246,223,223
211,93,93
203,66,66
205,73,73
205,73,73
204,70,70
205,72,72
205,73,73
204,70,70
205,72,72
205,73,73
205,73,73
204,67,67
246,221,221
255,255,255
255,255,255
254,251,251
218,118,118
204,71,71
205,73,73
203,66,66
235,182,182
255,255,255
255,255,255
255,255,255
255,255,255
255,255,255
255,255,255
255,255,255
253,246,246
208,84,84
205,73,73
205,73,73
205,73,73
206,75,75
233,174,174
248,230,230
250,236,236
238,193,193
210,88,88
204,70,70
205,73,73
204,70,70
219,123,123
255,255,255
255,255,255
255,255,255
252,243,243
202,64,64
205,73,73
205,73,73
208,86,86
254,253,253
255,255,255
255,255,255
255,255,255
255,255,255
255,255,255
255,255,255
236,182,182
203,67,67
205,73,73
205,73,73
205,73,73
249,234,234
255,255,255
255,255,255
255,255,255
255,255,255
252,245,245
211,92,92
205,73,73
205,73,73
208,84,84
254,253,253
255,255,255
255,255,255
255,255,255
224,141,141
205,73,73
205,73,73
200,57,57
252,244,244
255,255,255
255,255,255
255,255,255
255,255,255
255,255,255
255,255,255
227,151,151
205,71,71
205,73,73
205,73,73
236,182,182
255,255,255
255,255,255
255,255,255
255,255,255
255,255,255
255,255,255
239,198,198
203,66,66
205,73,73
204,71,71
250,235,235
255,255,255
255,255,255
255,255,255
247,224,224
204,69,69
205,73,73
202,65,65
249,232,232
255,255,255
255,255,255
255,255,255
255,255,255
255,255,255
255,255,255
235,182,182
203,68,68
205,73,73
205,73,73
249,232,232
255,255,255
255,255,255
255,255,255
255,255,255
255,255,255
255,255,255
250,234,234
203,65,65
205,73,73
205,71,71
245,216,216
255,255,255
255,255,255
255,255,255
251,237,237
203,65,65
205,73,73
204,69,69
246,219,219
255,255,255
255,255,255
255,255,255
255,255,255
255,255,255
255,255,255
254,251,251
211,92,92
205,72,72
205,73,73
250,236,236
255,255,255
255,255,255
255,255,255
255,255,255
255,255,255
255,255,255
253,246,246
208,84,84
205,73,73
205,71,71
246,222,222
255,255,255
255,255,255
255,255,255
249,233,233
203,68,68
205,73,73
203,66,66
248,228,228
255,255,255
255,255,255
255,255,255
255,255,255
255,255,255
255,255,255
255,255,255
252,245,245
209,88,88
205,73,73
247,224,224
255,255,255
255,255,255
255,255,255
255,255,255
255,255,255
255,255,255
251,239,239
205,73,73
205,73,73
206,75,75
252,243,243
255,255,255
255,255,255
255,255,255
232,172,172
205,72,72
205,73,73
202,60,60
252,242,242
255,255,255
255,255,255
255,255,255
255,255,255
255,255,255
255,255,255
255,254,254
225,145,145
203,65,65
205,73,73
232,171,171
255,255,255
255,255,255
255,255,255
255,255,255
255,255,255
255,255,255
240,199,199
203,65,65
205,73,73
211,96,96
255,255,255
255,255,255
255,255,255
251,241,241
202,63,63
205,73,73
205,73,73
205,73,73
254,251,251
255,255,255
255,255,255
255,255,255
255,255,255
255,255,255
255,255,255
243,211,211
203,64,64
205,73,73
205,73,73
203,64,64
249,233,233
255,255,255
255,255,255
255,255,255
255,255,255
254,252,252
209,86,86
205,73,73
203,65,65
241,203,203
255,255,255
255,255,255
251,242,242
205,72,72
205,74,74
205,73,73
204,71,71
230,165,165
255,255,255
255,255,255
255,255,255
255,255,255
255,255,255
255,255,255
255,255,255
227,151,151
205,71,71
205,73,73
205,73,73
205,74,74
201,61,61
238,190,190
254,250,250
254,249,249
242,206,206
206,74,74
204,72,72
205,71,71
230,163,163
254,252,252
247,223,223
218,117,117
201,59,59
205,74,74
205,73,73
205,73,73
205,68,68
254,251,251
255,255,255
255,255,255
255,255,255
255,255,255
255,255,255
255,255,255
255,255,255
229,161,161
204,70,70
205,73,73
205,73,73
205,73,73
205,73,73
204,71,71
204,69,69
204,69,69
205,71,71
205,73,73
205,73,73
205,73,73
204,70,70
204,69,69
204,71,71
205,72,72
205,73,73
205,73,73
205,74,74
202,60,60
252,239,239
255,255,255
255,255,255
255,255,255
255,255,255
255,255,255
255,255,255
255,255,255
255,255,255
248,227,227
203,67,67
205,73,73
205,73,73
204,67,67
205,73,73
205,73,73
205,73,73
205,73,73
205,73,73
205,73,73
205,73,73
205,73,73
205,73,73
205,73,73
205,73,73
205,73,73
205,73,73
204,68,68
206,76,76
251,241,241
255,255,255
255,255,255
255,255,255
255,255,255
255,255,255
255,255,255
255,255,255
255,255,255
255,255,255
255,255,255
231,168,168
201,57,57
204,72,72
231,164,164
203,64,64
204,71,71
205,73,73
205,73,73
205,73,73
205,73,73
205,73,73
205,73,73
205,73,73
205,73,73
205,73,73
203,67,67
204,67,67
230,163,163
253,247,247
255,255,255
255,255,255
255,255,255
255,255,255
255,255,255
255,255,255
255,255,255
255,255,255
255,255,255
255,255,255
255,255,255
255,254,254
246,221,221
224,139,139
255,255,255
251,242,242
238,193,193
223,137,137
209,84,84
206,76,76
205,72,72
205,71,71
206,75,75
206,77,77
212,98,98
228,152,152
242,207,207
252,245,245
255,255,255
255,255,255
255,255,255
255,255,255
255,255,255
255,255,255
255,255,255
255,255,255
255,255,255
255,255,255
255,255,255
255,255,255
255,255,255
255,255,255
255,255,255
255,255,255
255,255,255
255,255,255
255,255,255
255,255,255
254,251,251
252,242,242
250,238,238
250,236,236
251,241,241
253,246,246
255,254,254
255,255,255
255,255,255
255,255,255
255,255,255
255,255,255
255,255,255
255,255,255
255,255,255
255,255,255
255,255,255
255,255,255
255,255,255
255,255,255
255,255,255
255,255,255
255,255,255
255,255,255
255,255,255
255,255,255
255,255,255
255,255,255
255,255,255
255,255,255
255,255,255
255,255,255
255,255,255
255,255,255
255,255,255
255,255,255
255,255,255
255,255,255
255,255,255
255,255,255
255,255,255
255,255,255
255,255,255
255,255,255
255,255,255
255,255,255
255,255,255
255,255,255
255,255,255
255,255,255
255,255,255
255,255,255
255,255,255
255,255,255
255,255,255
255,255,255
255,255,255
255,255,255
255,255,255
255,255,255
255,255,255
255,255,255
255,255,255
255,255,255
255,255,255
255,255,255
255,255,255
255,255,255
255,255,255
255,255,255
255,255,255
255,255,255
255,255,255
255,255,255
255,255,255
255,255,255
255,255,255
255,255,255
255,255,255
255,255,255
255,255,255
255,255,255
255,255,255
255,255,255
255,255,255
255,255,255
255,255,255
255,255,255
255,255,255
255,255,255
255,255,255
255,255,255
255,255,255
255,255,255
255,255,255
255,255,255
255,255,255
255,255,255
255,255,255
255,255,255
255,255,255
255,255,255
255,255,255
255,255,255
255,255,255
255,255,255
255,255,255
255,255,255
255,255,255
255,255,255
255,255,255
255,255,255
255,255,255
255,255,255
255,255,255
255,255,255
255,255,255
255,255,255
255,255,255
255,255,255
255,255,255
255,255,255
255,255,255
255,255,255
255,255,255
255,255,255
255,255,255
255,255,255
255,255,255
255,255,255
255,255,255
255,255,255
255,255,255
255,255,255
255,255,255
255,255,255
255,255,255
255,255,255
255,255,255
255,255,255
255,255,255
255,255,255
255,255,255
255,255,255
255,255,255
255,255,255
255,255,255
255,255,255
255,255,255
255,255,255
255,255,255
255,255,255
255,255,255
255,255,255
255,255,255
255,255,255
255,255,255
255,255,255
255,255,255
255,255,255
255,255,255
255,255,255
255,255,255
255,255,255
255,255,255
255,255,255
255,255,255
255,255,255
255,255,255
255,255,255
255,255,255
255,255,255
255,255,255
255,255,255
255,255,255
255,255,255
255,255,255
255,255,255
255,255,255
255,255,255
255,255,255
255,255,255
255,255,255
255,255,255
255,255,255
255,255,255
255,255,255
255,255,255
255,255,255
255,255,255
255,255,255
255,255,255
255,255,255
255,255,255
255,255,255
255,255,255
255,255,255
255,255,255
255,255,255
255,255,255
255,255,255
255,255,255
255,255,255
255,255,255
255,255,255
255,255,255
255,255,255
255,255,255
255,255,255
255,255,255
255,255,255
255,255,255
255,255,255
255,255,255
255,255,255
255,255,255
255,255,255
255,255,255
255,255,255
255,255,255
255,255,255
255,255,255
255,255,255
255,255,255
255,255,255
255,255,255
255,255,255
255,255,255
255,255,255
255,255,255
255,255,255
255,255,255
255,255,255
255,255,255
255,255,255
255,255,255
255,255,255
255,255,255
255,255,255
255,255,255
255,255,255
255,255,255
255,255,255
255,255,255
255,255,255
255,255,255
255,255,255
255,255,255
255,255,255
255,255,255
255,255,255
255,255,255
255,255,255
255,255,255
255,255,255
255,255,255
255,255,255
255,255,255
255,255,255
255,255,255
255,255,255
255,255,255
255,255,255
255,255,255
255,255,255
255,255,255
255,255,255
255,255,255
255,255,255
255,255,255
255,255,255
255,255,255
255,255,255
255,255,255
255,255,255
255,255,255
255,255,255
255,255,255
255,255,255
255,255,255
255,255,255
255,255,255
255,255,255
255,255,255
255,255,255
255,255,255
255,255,255
255,255,255
255,255,255
255,255,255
255,255,255
255,255,255
255,255,255
255,255,255
255,255,255
255,255,255
255,255,255
255,255,255
255,255,255
255,255,255
255,255,255
255,255,255
255,255,255
255,255,255
255,255,255
255,255,255
255,255,255
255,255,255
255,255,255
255,255,255
255,255,255
255,255,255
255,255,255
255,255,255
255,255,255
255,255,255
255,255,255
255,255,255
255,255,255
255,255,255
255,255,255
255,255,255
255,255,255
255,255,255
255,255,255
255,255,255
255,255,255
255,255,255
255,255,255
255,255,255
255,255,255
255,255,255
255,255,255
255,255,255
255,255,255
255,255,255
255,255,255
255,255,255
255,255,255
255,255,255
255,255,255
255,255,255
255,255,255
255,255,255
255,255,255
255,255,255
255,255,255
255,255,255
255,255,255
255,255,255
255,255,255
255,255,255
255,255,255
255,255,255
255,255,255
255,255,255
