255,255,255
255,255,255
255,255,255
255,255,255
255,255,255
255,255,255
255,255,255
255,255,255
255,255,255
255,255,255
255,255,255
254,252,252
236,186,186
211,94,94
204,71,71
204,71,71
205,73,73
205,73,73
205,73,73
209,88,88
255,255,255
255,255,255
255,255,255
255,255,255
255,255,255
255,255,255
255,255,255
255,255,255
255,255,255
255,255,255
255,255,255
255,255,255
255,255,255
255,255,255
255,255,255
255,255,255
255,255,255
255,255,255
255,255,255
252,242,242
229,158,158
209,84,84
203,66,66
205,72,72
205,73,73
205,73,73
205,73,73
202,60,60
207,81,81
235,178,178
255,255,255
255,255,255
255,255,255
255,255,255
255,255,255
255,255,255
255,255,255
255,255,255
250,236,236
232,168,168
255,255,255
255,255,255
255,255,255
255,255,255
255,255,255
255,255,255
255,255,255
246,221,221
222,133,133
207,77,77
204,70,70
205,72,72
205,73,73
205,73,73
205,73,73
202,63,63
215,106,106
241,202,202
254,249,249
255,255,255
255,255,255
255,255,255
255,255,255
255,255,255
255,255,255
255,255,255
255,255,255
237,187,187
205,73,73
204,70,70
255,255,255
255,255,255
255,255,255
255,255,255
254,251,251
239,197,197
216,112,112
204,67,67
204,69,69
205,73,73
205,73,73
205,73,73
205,73,73
204,71,71
216,113,113
245,219,219
255,255,255
255,255,255
255,255,255
255,255,255
255,255,255
255,255,255
255,255,255
255,255,255
255,255,255
255,255,255
250,235,235
205,72,72
205,73,73
205,73,73
255,255,255
255,255,255
252,242,242
233,173,173
211,95,95
204,69,69
205,71,71
205,73,73
205,73,73
205,73,73
203,67,67
205,73,73
205,73,73
204,69,69
230,161,161
255,255,255
255,255,255
255,255,255
255,255,255
255,255,255
255,255,255
255,255,255
255,255,255
255,255,255
255,255,255
255,255,255
232,170,170
204,69,69
205,73,73
205,73,73
247,227,227
227,152,152
207,78,78
203,65,65
205,73,73
205,73,73
205,73,73
203,68,68
205,71,71
218,119,119
241,203,203
209,85,85
205,73,73
204,69,69
229,160,160
255,255,255
255,255,255
255,255,255
255,255,255
255,255,255
255,255,255
255,255,255
255,255,255
255,255,255
255,255,255
255,255,255
227,152,152
205,71,71
205,73,73
205,73,73
204,71,71
204,69,69
205,73,73
205,73,73
205,73,73
204,68,68
207,79,79
225,145,145
246,223,223
255,255,255
254,250,250
208,83,83
205,73,73
204,69,69
229,160,160
255,255,255
255,255,255
255,255,255
255,255,255
255,255,255
255,255,255
255,255,255
255,255,255
255,255,255
255,255,255
255,255,255
240,199,199
203,67,67
205,73,73
205,73,73
205,73,73
205,73,73
204,70,70
203,67,67
212,98,98
233,174,174
252,243,243
255,255,255
255,255,255
255,255,255
254,250,250
208,83,83
205,73,73
204,69,69
229,160,160
255,255,255
255,255,255
255,255,255
255,255,255
255,255,255
255,255,255
255,255,255
255,255,255
255,255,255
255,255,255
255,255,255
255,255,255
220,125,125
204,69,69
205,73,73
205,73,73
205,72,72
213,100,100
241,202,202
255,254,254
255,255,255
255,255,255
255,255,255
255,255,255
255,255,255
254,250,250
208,83,83
205,73,73
204,69,69
229,160,160
255,255,255
255,255,255
255,255,255
255,255,255
255,255,255
255,255,255
255,255,255
255,255,255
255,255,255
255,255,255
255,255,255
255,255,255
252,246,246
210,91,91
205,73,73
205,73,73
205,73,73
205,72,72
216,111,111
241,205,205
253,248,248
255,255,255
255,255,255
255,255,255
255,255,255
254,250,250
208,83,83
205,73,73
204,69,69
229,160,160
255,255,255
255,255,255
255,255,255
255,255,255
255,255,255
255,255,255
255,255,255
255,255,255
255,255,255
255,255,255
255,255,255
254,251,251
215,110,110
203,68,68
205,73,73
205,73,73
205,73,73
205,73,73
205,72,72
203,66,66
210,90,90
235,181,181
251,239,239
255,255,255
255,255,255
254,250,250
208,83,83
205,73,73
204,69,69
229,160,160
255,255,255
255,255,255
255,255,255
255,255,255
255,255,255
255,255,255
255,255,255
255,255,255
255,255,255
255,255,255
255,255,255
239,194,194
203,66,66
205,73,73
205,73,73
212,97,97
205,70,70
204,70,70
205,73,73
205,73,73
205,73,73
203,67,67
204,68,68
226,149,149
248,230,230
254,250,250
208,84,84
205,73,73
204,69,69
229,160,160
255,255,255
255,255,255
255,255,255
255,255,255
255,255,255
255,255,255
255,255,255
255,255,255
255,255,255
255,255,255
255,255,255
227,150,150
205,71,71
205,73,73
205,73,73
255,255,255
246,220,220
217,117,117
204,68,68
204,70,70
205,73,73
205,73,73
205,73,73
204,70,70
203,65,65
217,117,117
207,82,82
205,73,73
204,69,69
229,160,160
255,255,255
255,255,255
255,255,255
255,255,255
255,255,255
255,255,255
255,255,255
255,255,255
255,255,255
255,255,255
255,255,255
233,172,172
204,69,69
205,73,73
205,73,73
255,255,255
255,255,255
255,255,255
251,240,240
225,147,147
206,76,76
204,69,69
205,72,72
205,73,73
205,73,73
205,73,73
205,73,73
205,73,73
204,69,69
228,157,157
255,255,255
255,255,255
255,255,255
255,255,255
255,255,255
255,255,255
255,255,255
255,255,255
255,255,255
255,255,255
255,255,255
252,241,241
206,77,77
205,73,73
205,73,73
255,255,255
255,255,255
255,255,255
255,255,255
255,255,255
255,255,255
234,178,178
208,81,81
204,67,67
205,73,73
205,73,73
205,73,73
205,73,73
205,73,73
204,71,71
222,132,132
250,233,233
254,253,253
255,255,255
255,255,255
255,255,255
255,255,255
255,255,255
255,255,255
255,255,255
255,255,255
255,255,255
241,204,204
202,63,63
204,69,69
255,255,255
255,255,255
255,255,255
255,255,255
255,255,255
255,255,255
255,255,255
255,255,255
245,214,214
214,102,102
204,68,68
205,71,71
205,73,73
205,73,73
205,73,73
205,74,74
201,58,58
209,89,89
241,202,202
254,251,251
255,255,255
255,255,255
255,255,255
255,255,255
255,255,255
255,255,255
255,255,255
255,255,255
255,252,252
240,198,198
255,255,255
255,255,255
255,255,255
255,255,255
255,255,255
255,255,255
255,255,255
255,255,255
255,255,255
255,255,255
252,243,243
221,131,131
201,57,57
204,71,71
205,73,73
205,73,73
205,73,73
205,73,73
202,65,65
209,86,86
255,255,255
255,255,255
255,255,255
255,255,255
255,255,255
255,255,255
255,255,255
255,255,255
255,255,255
255,255,255
255,255,255
255,255,255
255,255,255
255,255,255
255,255,255
255,255,255
255,255,255
255,255,255
255,255,255
255,255,255
255,255,255
255,255,255
254,250,250
234,176,176
203,66,66
203,67,67
205,73,73
205,73,73
205,73,73
209,89,89
255,255,255
255,255,255
255,255,255
255,255,255
255,255,255
255,255,255
255,255,255
255,255,255
255,255,255
255,255,255
255,255,255
255,255,255
255,255,255
255,255,255
255,255,255
255,255,255
255,255,255
255,255,255
255,255,255
255,255,255
255,255,255
255,255,255
255,255,255
255,255,255
254,251,251
243,211,211
211,92,92
199,55,55
205,74,74
209,89,89
255,255,255
255,255,255
255,255,255
255,255,255
255,255,255
255,255,255
255,255,255
255,255,255
255,255,255
255,255,255
255,255,255
255,255,255
255,255,255
255,255,255
255,255,255
255,255,255
255,255,255
255,255,255
255,255,255
255,255,255
255,255,255
255,255,255
255,255,255
255,255,255
255,255,255
255,255,255
255,253,253
251,236,236
221,128,128
206,78,78
255,255,255
255,255,255
255,255,255
255,255,255
255,255,255
255,255,255
255,255,255
255,255,255
255,255,255
255,255,255
255,255,255
255,255,255
255,255,255
255,255,255
255,255,255
255,255,255
255,255,255
255,255,255
255,255,255
255,255,255
255,255,255
255,255,255
255,255,255
255,255,255
255,255,255
255,255,255
255,255,255
255,255,255
255,255,255
251,241,241
255,255,255
255,255,255
255,255,255
255,255,255
255,255,255
255,255,255
255,255,255
255,255,255
255,255,255
255,255,255
255,255,255
255,255,255
255,255,255
255,255,255
255,255,255
255,255,255
255,255,255
255,255,255
255,255,255
255,255,255
255,255,255
255,255,255
255,255,255
255,255,255
255,255,255
255,255,255
255,255,255
255,255,255
255,255,255
255,255,255
255,255,255
255,255,255
255,255,255
255,255,255
255,255,255
255,255,255
255,255,255
255,255,255
255,255,255
255,255,255
255,255,255
255,255,255
255,255,255
255,255,255
255,255,255
255,255,255
255,255,255
255,255,255
255,255,255
255,255,255
255,255,255
255,255,255
255,255,255
255,255,255
255,255,255
255,255,255
255,255,255
255,255,255
255,255,255
255,255,255
255,255,255
255,255,255
255,255,255
255,255,255
255,255,255
255,255,255
255,255,255
255,255,255
255,255,255
255,255,255
255,255,255
255,255,255
255,255,255
255,255,255
255,255,255
255,255,255
255,255,255
255,255,255
255,255,255
255,255,255
255,255,255
255,255,255
255,255,255
255,255,255
255,255,255
255,255,255
255,255,255
255,255,255
255,255,255
255,255,255
255,255,255
255,255,255
255,255,255
255,255,255
255,255,255
255,255,255
255,255,255
255,255,255
255,255,255
255,255,255
255,255,255
255,255,255
255,255,255
255,255,255
255,255,255
255,255,255
255,255,255
255,255,255
255,255,255
255,255,255
255,255,255
255,255,255
255,255,255
255,255,255
255,255,255
255,255,255
255,255,255
255,255,255
255,255,255
255,255,255
255,255,255
255,255,255
255,255,255
255,255,255
255,255,255
255,255,255
255,255,255
255,255,255
255,255,255
255,255,255
255,255,255
255,255,255
255,255,255
255,255,255
255,255,255
255,255,255
255,255,255
255,255,255
255,255,255
255,255,255
255,255,255
255,255,255
255,255,255
255,255,255
255,255,255
255,255,255
255,255,255
255,255,255
255,255,255
255,255,255
255,255,255
255,255,255
255,255,255
255,255,255
255,255,255
255,255,255
255,255,255
255,255,255
255,255,255
255,255,255
255,255,255
255,255,255
255,255,255
255,255,255
255,255,255
255,255,255
255,255,255
255,255,255
255,255,255
255,255,255
255,255,255
255,255,255
255,255,255
255,255,255
255,255,255
255,255,255
255,255,255
255,255,255
255,255,255
255,255,255
255,255,255
255,255,255
255,255,255
255,255,255
255,255,255
255,255,255
255,255,255
255,255,255
255,255,255
255,255,255
255,255,255
255,255,255
255,255,255
255,255,255
255,255,255
255,255,255
255,255,255
255,255,255
255,255,255
255,255,255
255,255,255
255,255,255
255,255,255
255,255,255
255,255,255
255,255,255
255,255,255
255,255,255
255,255,255
255,255,255
255,255,255
255,255,255
255,255,255
255,255,255
255,255,255
255,255,255
255,255,255
255,255,255
255,255,255
255,255,255
255,255,255
255,255,255
255,255,255
255,255,255
255,255,255
255,255,255
255,255,255
255,255,255
255,255,255
255,255,255
255,255,255
255,255,255
255,255,255
255,255,255
255,255,255
255,255,255
255,255,255
255,255,255
255,255,255
255,255,255
255,255,255
255,255,255
255,255,255
255,255,255
255,255,255
255,255,255
255,255,255
255,255,255
255,255,255
255,255,255
255,255,255
255,255,255
255,255,255
255,255,255
255,255,255
255,255,255
255,255,255
255,255,255
255,255,255
255,255,255
255,255,255
255,255,255
255,255,255
255,255,255
255,255,255
255,255,255
255,255,255
255,255,255
255,255,255
255,255,255
255,255,255
255,255,255
255,255,255
255,255,255
255,255,255
255,255,255
255,255,255
255,255,255
255,255,255
255,255,255
