255,255,255
255,255,255
255,255,255
255,255,255
255,255,255
255,255,255
255,255,255
255,255,255
255,255,255
255,255,255
255,255,255
255,255,255
255,255,255
255,255,255
255,255,255
255,255,255
255,255,255
255,255,255
255,255,255
255,255,255
255,255,255
255,255,255
255,255,255
255,255,255
255,255,255
255,255,255
255,255,255
255,255,255
255,255,255
255,255,255
255,255,255
255,255,255
255,255,255
255,255,255
255,255,255
242,242,242
215,215,216
189,189,190
185,185,186
212,212,212
237,237,237
255,255,255
255,255,255
255,255,255
255,255,255
255,255,255
255,255,255
255,255,255
255,255,255
255,255,255
255,255,255
255,255,255
255,255,255
255,255,255
255,255,255
255,255,255
255,255,255
255,255,255
255,255,255
255,255,255
255,255,255
255,255,255
254,254,254
165,165,166
73,73,76
41,41,44
32,32,35
32,32,35
32,32,35
32,32,35
37,37,40
66,66,68
146,146,148
249,249,249
255,255,255
255,255,255
255,255,255
255,255,255
255,255,255
255,255,255
255,255,255
255,255,255
255,255,255
255,255,255
255,255,255
255,255,255
255,255,255
255,255,255
255,255,255
255,255,255
255,255,255
190,190,191
55,55,58
25,25,28
34,34,37
35,35,38
35,35,38
35,35,38
35,35,38
35,35,38
35,35,38
35,35,38
27,27,30
43,43,46
166,166,167
255,255,255
255,255,255
255,255,255
255,255,255
255,255,255
255,255,255
255,255,255
255,255,255
255,255,255
255,255,255
255,255,255
255,255,255
255,255,255
255,255,255
255,255,255
144,144,145
31,31,34
34,34,37
35,35,38
35,35,38
35,35,38
35,35,38
34,34,37
34,34,37
35,35,38
35,35,38
35,35,38
35,35,38
35,35,38
29,29,32
116,116,118
255,255,255
255,255,255
255,255,255
255,255,255
255,255,255
255,255,255
255,255,255
255,255,255
255,255,255
255,255,255
255,255,255
255,255,255
255,255,255
255,255,255
24,24,28
35,35,38
35,35,38
35,35,38
26,26,29
37,37,40
74,74,77
98,98,100
98,98,100
75,75,77
37,37,40
25,25,29
35,35,38
35,35,38
35,35,38
26,26,29
118,118,119
255,255,255
255,255,255
255,255,255
255,255,255
255,255,255
255,255,255
255,255,255
255,255,255
255,255,255
255,255,255
255,255,255
255,255,255
255,255,255
35,35,38
35,35,38
32,32,35
45,45,48
154,154,155
235,235,235
255,255,255
255,255,255
255,255,255
255,255,255
235,235,235
156,156,157
45,45,48
32,32,35
35,35,38
35,35,38
28,28,31
185,185,186
255,255,255
255,255,255
255,255,255
255,255,255
255,255,255
255,255,255
255,255,255
255,255,255
255,255,255
255,255,255
255,255,255
255,255,255
35,35,38
30,30,33
86,86,88
236,236,236
255,255,255
255,255,255
255,255,255
255,255,255
255,255,255
255,255,255
255,255,255
255,255,255
241,241,241
84,84,87
31,31,34
35,35,38
35,35,38
29,29,32
250,250,250
255,255,255
255,255,255
255,255,255
255,255,255
255,255,255
255,255,255
255,255,255
255,255,255
255,255,255
255,255,255
255,255,255
34,34,37
64,64,66
242,242,242
255,255,255
255,255,255
255,255,255
255,255,255
255,255,255
255,255,255
255,255,255
255,255,255
255,255,255
255,255,255
247,247,247
63,63,65
35,35,38
35,35,38
28,28,31
167,167,168
255,255,255
255,255,255
255,255,255
255,255,255
255,255,255
255,255,255
255,255,255
246,246,246
211,211,212
211,211,212
244,244,244
27,27,30
219,219,219
255,255,255
255,255,255
255,255,255
255,255,255
255,255,255
255,255,255
255,255,255
255,255,255
255,255,255
255,255,255
255,255,255
255,255,255
235,235,236
20,20,24
35,35,38
35,35,38
64,64,66
253,253,253
255,255,255
255,255,255
255,255,255
255,255,255
255,255,255
217,217,218
59,59,61
15,15,18
15,15,17
60,60,62
83,83,85
255,255,255
255,255,255
255,255,255
255,255,255
255,255,255
255,255,255
255,255,255
255,255,255
255,255,255
255,255,255
255,255,255
255,255,255
255,255,255
255,255,255
83,83,85
35,35,38
35,35,38
14,14,17
244,244,244
255,255,255
255,255,255
255,255,255
255,255,255
250,250,250
51,51,53
33,33,36
35,35,38
35,35,38
34,34,37
169,169,171
255,255,255
255,255,255
255,255,255
255,255,255
255,255,255
255,255,255
255,255,255
255,255,255
255,255,255
255,255,255
255,255,255
255,255,255
255,255,255
255,255,255
196,196,197
33,33,36
35,35,38
23,23,26
234,234,235
255,255,255
255,255,255
255,255,255
255,255,255
198,198,198
25,25,28
35,35,38
35,35,38
35,35,38
35,35,38
197,197,198
255,255,255
255,255,255
255,255,255
255,255,255
255,255,255
255,255,255
255,255,255
255,255,255
255,255,255
255,255,255
255,255,255
255,255,255
255,255,255
255,255,255
225,225,226
29,29,32
35,35,38
29,29,32
218,218,218
255,255,255
255,255,255
255,255,255
255,255,255
203,203,203
26,26,29
35,35,38
35,35,38
35,35,38
35,35,38
198,198,200
255,255,255
255,255,255
255,255,255
255,255,255
255,255,255
255,255,255
255,255,255
255,255,255
255,255,255
235,235,235
85,85,88
246,246,246
255,255,255
255,255,255
226,226,226
29,29,32
35,35,38
30,30,33
214,214,215
255,255,255
255,255,255
255,255,255
255,255,255
255,255,255
60,60,62
32,32,35
35,35,38
35,35,38
32,32,35
172,172,173
255,255,255
255,255,255
255,255,255
255,255,255
255,255,255
255,255,255
255,255,255
255,255,255
225,225,226
42,42,44
30,30,33
75,75,78
253,253,253
255,255,255
192,192,193
33,33,36
35,35,38
25,25,28
227,227,227
255,255,255
255,255,255
255,255,255
255,255,255
255,255,255
235,235,236
69,69,71
19,19,22
19,19,23
67,67,70
86,86,88
255,255,255
255,255,255
255,255,255
255,255,255
255,255,255
255,255,255
255,255,255
228,228,228
24,24,27
36,36,39
35,35,38
32,32,35
105,105,107
255,255,255
93,93,95
35,35,38
35,35,38
13,13,16
245,245,245
255,255,255
255,255,255
255,255,255
255,255,255
255,255,255
255,255,255
255,255,255
253,253,254
253,253,254
255,255,255
26,26,29
220,220,220
255,255,255
255,255,255
255,255,255
255,255,255
255,255,255
255,255,255
255,255,255
176,176,177
22,22,25
35,35,38
35,35,38
27,27,30
150,150,152
22,22,25
35,35,38
35,35,38
48,48,51
252,252,252
255,255,255
255,255,255
255,255,255
255,255,255
255,255,255
255,255,255
255,255,255
255,255,255
255,255,255
255,255,255
34,34,37
62,62,65
250,250,250
255,255,255
255,255,255
255,255,255
255,255,255
255,255,255
255,255,255
255,255,255
164,164,165
21,21,25
35,35,38
35,35,38
32,32,35
36,36,39
35,35,38
28,28,31
173,173,174
255,255,255
255,255,255
255,255,255
255,255,255
255,255,255
255,255,255
255,255,255
255,255,255
255,255,255
255,255,255
255,255,255
35,35,38
32,32,35
89,89,91
249,249,249
255,255,255
255,255,255
255,255,255
255,255,255
255,255,255
255,255,255
254,254,254
136,136,138
31,31,34
35,35,38
35,35,38
35,35,38
35,35,38
21,21,24
249,249,249
255,255,255
255,255,255
255,255,255
255,255,255
255,255,255
255,255,255
255,255,255
255,255,255
255,255,255
255,255,255
255,255,255
35,35,38
35,35,38
34,34,37
40,40,43
176,176,178
255,255,255
255,255,255
255,255,255
255,255,255
255,255,255
255,255,255
176,176,177
35,35,38
35,35,38
35,35,38
35,35,38
34,34,37
193,193,194
255,255,255
255,255,255
255,255,255
255,255,255
255,255,255
255,255,255
255,255,255
255,255,255
255,255,255
255,255,255
255,255,255
255,255,255
30,30,33
35,35,38
35,35,38
34,34,37
28,28,31
40,40,43
73,73,76
104,104,106
103,103,105
68,68,71
45,45,48
28,28,31
35,35,38
35,35,38
35,35,38
35,35,38
35,35,38
32,32,34
248,248,248
255,255,255
255,255,255
255,255,255
255,255,255
255,255,255
255,255,255
255,255,255
255,255,255
255,255,255
255,255,255
255,255,255
106,106,108
27,27,30
35,35,38
35,35,38
35,35,38
35,35,38
34,34,37
33,33,36
33,33,36
34,34,37
35,35,38
35,35,38
35,35,38
35,35,38
30,30,33
35,35,38
35,35,38
34,34,37
42,42,45
247,247,248
255,255,255
255,255,255
255,255,255
255,255,255
255,255,255
255,255,255
255,255,255
255,255,255
255,255,255
255,255,255
254,254,254
160,160,162
29,29,32
29,29,32
35,35,38
35,35,38
35,35,38
35,35,38
35,35,38
35,35,38
35,35,38
35,35,38
30,30,33
28,28,31
179,179,180
30,30,32
35,35,38
36,36,39
17,17,21
201,201,201
255,255,255
255,255,255
255,255,255
255,255,255
255,255,255
255,255,255
255,255,255
255,255,255
255,255,255
255,255,255
255,255,255
255,255,255
232,232,232
137,137,139
51,51,54
25,25,28
29,29,32
30,30,33
30,30,33
29,29,32
26,26,29
44,44,47
146,146,147
233,233,233
255,255,255
217,217,217
21,21,24
22,22,25
203,203,204
255,255,255
255,255,255
255,255,255
255,255,255
255,255,255
255,255,255
255,255,255
255,255,255
255,255,255
255,255,255
255,255,255
255,255,255
255,255,255
255,255,255
255,255,255
247,247,247
218,218,218
194,194,195
175,175,176
173,173,174
189,189,190
219,219,220
246,246,246
255,255,255
255,255,255
255,255,255
255,255,255
184,184,185
216,216,217
255,255,255
255,255,255
255,255,255
255,255,255
255,255,255
255,255,255
255,255,255
255,255,255
255,255,255
255,255,255
255,255,255
255,255,255
255,255,255
255,255,255
255,255,255
255,255,255
255,255,255
255,255,255
255,255,255
255,255,255
255,255,255
255,255,255
255,255,255
255,255,255
255,255,255
255,255,255
255,255,255
255,255,255
255,255,255
255,255,255
255,255,255
255,255,255
255,255,255
255,255,255
255,255,255
255,255,255
255,255,255
255,255,255
255,255,255
255,255,255
255,255,255
255,255,255
255,255,255
255,255,255
255,255,255
255,255,255
255,255,255
255,255,255
255,255,255
255,255,255
255,255,255
255,255,255
255,255,255
255,255,255
255,255,255
255,255,255
255,255,255
255,255,255
255,255,255
255,255,255
255,255,255
255,255,255
255,255,255
255,255,255
255,255,255
255,255,255
255,255,255
255,255,255
255,255,255
255,255,255
255,255,255
255,255,255
255,255,255
255,255,255
255,255,255
255,255,255
255,255,255
255,255,255
255,255,255
255,255,255
255,255,255
255,255,255
255,255,255
255,255,255
255,255,255
255,255,255
255,255,255
255,255,255
255,255,255
255,255,255
255,255,255
255,255,255
255,255,255
255,255,255
255,255,255
255,255,255
255,255,255
255,255,255
255,255,255
255,255,255
255,255,255
255,255,255
255,255,255
255,255,255
255,255,255
255,255,255
255,255,255
255,255,255
255,255,255
255,255,255
255,255,255
255,255,255
255,255,255
255,255,255
255,255,255
255,255,255
255,255,255
255,255,255
255,255,255
255,255,255
255,255,255
255,255,255
255,255,255
255,255,255
255,255,255
255,255,255
255,255,255
255,255,255
255,255,255
255,255,255
255,255,255
255,255,255
255,255,255
255,255,255
255,255,255
255,255,255
255,255,255
255,255,255
255,255,255
255,255,255
255,255,255
255,255,255
255,255,255
255,255,255
255,255,255
255,255,255
255,255,255
255,255,255
255,255,255
255,255,255
255,255,255
255,255,255
255,255,255
255,255,255
255,255,255
255,255,255
255,255,255
255,255,255
255,255,255
255,255,255
255,255,255
255,255,255
