255,255,255
255,255,255
255,255,255
255,255,255
255,255,255
255,255,255
255,255,255
255,255,255
255,255,255
255,255,255
255,255,255
255,255,255
255,255,255
255,255,255
255,255,255
255,255,255
255,255,255
255,255,255
255,255,255
255,255,255
255,255,255
255,255,255
255,255,255
255,255,255
255,255,255
255,255,255
255,255,255
255,255,255
255,255,255
255,255,255
255,255,255
255,255,255
255,255,255
255,255,255
255,255,255
252,244,244
246,223,223
241,201,201
239,197,197
246,219,219
251,241,241
255,255,255
255,255,255
255,255,255
255,255,255
255,255,255
255,255,255
255,255,255
255,255,255
255,255,255
255,255,255
255,255,255
255,255,255
255,255,255
255,255,255
255,255,255
255,255,255
255,255,255
255,255,255
255,255,255
255,255,255
255,255,255
255,255,255
235,180,180
214,104,104
207,78,78
204,70,70
204,71,71
204,71,71
204,70,70
206,75,75
212,98,98
231,165,165
254,250,250
255,255,255
255,255,255
255,255,255
255,255,255
255,255,255
255,255,255
255,255,255
255,255,255
255,255,255
255,255,255
255,255,255
255,255,255
255,255,255
255,255,255
255,255,255
255,255,255
255,255,255
240,201,201
210,90,90
203,65,65
205,73,73
205,73,73
205,73,73
205,73,73
205,73,73
205,73,73
205,73,73
205,73,73
203,66,66
207,80,80
235,181,181
255,255,255
255,255,255
255,255,255
255,255,255
255,255,255
255,255,255
255,255,255
255,255,255
255,255,255
255,255,255
255,255,255
255,255,255
255,255,255
255,255,255
255,255,255
230,164,164
204,71,71
205,72,72
205,73,73
205,73,73
205,73,73
205,73,73
205,72,72
205,72,72
205,73,73
205,73,73
205,73,73
205,73,73
205,73,73
204,68,68
223,140,140
255,255,255
255,255,255
255,255,255
255,255,255
255,255,255
255,255,255
255,255,255
255,255,255
255,255,255
255,255,255
255,255,255
255,255,255
255,255,255
255,255,255
203,64,64
205,73,73
205,73,73
205,73,73
203,66,66
205,75,75
214,106,106
220,125,125
220,125,125
214,106,106
206,75,75
203,65,65
205,73,73
205,73,73
205,73,73
203,66,66
225,142,142
255,255,255
255,255,255
255,255,255
255,255,255
255,255,255
255,255,255
255,255,255
255,255,255
255,255,255
255,255,255
255,255,255
255,255,255
255,255,255
205,73,73
205,73,73
204,71,71
207,81,81
232,172,172
251,238,238
255,255,255
255,255,255
255,255,255
255,255,255
251,239,239
233,173,173
207,81,81
204,71,71
205,73,73
205,73,73
203,67,67
240,197,197
255,255,255
255,255,255
255,255,255
255,255,255
255,255,255
255,255,255
255,255,255
255,255,255
255,255,255
255,255,255
255,255,255
249,234,234
205,73,73
204,69,69
216,114,114
251,239,239
255,255,255
255,255,255
255,255,255
255,255,255
255,255,255
255,255,255
255,255,255
255,255,255
252,243,243
217,114,114
204,70,70
205,73,73
205,73,73
204,68,68
254,251,251
255,255,255
255,255,255
255,255,255
255,255,255
255,255,255
255,255,255
255,255,255
255,255,255
255,255,255
247,226,226
208,82,82
205,72,72
211,96,96
252,244,244
255,255,255
255,255,255
255,255,255
255,255,255
255,255,255
255,255,255
255,255,255
255,255,255
255,255,255
255,255,255
253,248,248
212,96,96
205,73,73
205,73,73
203,67,67
236,182,182
255,255,255
255,255,255
255,255,255
255,255,255
255,255,255
255,255,255
255,255,255
255,255,255
244,215,215
207,80,80
205,72,72
203,66,66
247,225,225
255,255,255
255,255,255
255,255,255
255,255,255
255,255,255
255,255,255
255,255,255
255,255,255
255,255,255
255,255,255
255,255,255
255,255,255
251,238,238
202,61,61
205,73,73
205,73,73
212,97,97
255,253,253
255,255,255
255,255,255
255,255,255
255,255,255
255,255,255
255,255,255
240,200,200
204,69,69
205,73,73
205,73,73
216,112,112
255,255,255
255,255,255
255,255,255
255,255,255
255,255,255
255,255,255
255,255,255
255,255,255
255,255,255
255,255,255
255,255,255
255,255,255
255,255,255
255,255,255
216,112,112
205,73,73
205,73,73
201,55,55
253,246,246
255,255,255
255,255,255
255,255,255
255,255,255
255,255,255
238,190,190
204,70,70
205,73,73
205,73,73
205,73,73
236,185,185
255,255,255
255,255,255
255,255,255
255,255,255
255,255,255
255,255,255
255,255,255
255,255,255
255,255,255
255,255,255
255,255,255
255,255,255
255,255,255
255,255,255
242,207,207
205,71,71
205,73,73
202,64,64
251,238,238
255,255,255
255,255,255
255,255,255
255,255,255
233,175,175
203,63,63
205,73,73
205,73,73
205,73,73
205,73,73
243,207,207
255,255,255
255,255,255
255,255,255
255,255,255
255,255,255
255,255,255
255,255,255
255,255,255
255,255,255
255,255,255
255,255,255
255,255,255
255,255,255
255,255,255
248,230,230
204,69,69
205,73,73
203,68,68
247,224,224
255,255,255
255,255,255
255,255,255
255,255,255
216,114,114
204,69,69
205,73,73
205,73,73
205,73,73
205,73,73
243,209,209
255,255,255
255,255,255
255,255,255
255,255,255
255,255,255
255,255,255
255,255,255
255,255,255
255,255,255
251,239,239
217,114,114
253,248,248
255,255,255
255,255,255
248,230,230
204,68,68
205,73,73
204,69,69
246,221,221
255,255,255
255,255,255
255,255,255
255,255,255
255,255,255
222,133,133
204,68,68
205,73,73
205,73,73
205,73,73
237,187,187
255,255,255
255,255,255
255,255,255
255,255,255
255,255,255
255,255,255
255,255,255
255,255,255
249,230,230
207,78,78
204,70,70
215,106,106
255,253,253
255,255,255
241,203,203
205,71,71
205,73,73
203,65,65
249,231,231
255,255,255
255,255,255
255,255,255
255,255,255
255,255,255
255,255,255
226,147,147
203,66,66
205,73,73
205,73,73
217,115,115
255,255,255
255,255,255
255,255,255
255,255,255
255,255,255
255,255,255
255,255,255
249,232,232
202,64,64
205,74,74
205,73,73
204,70,70
222,131,131
255,255,255
219,121,121
205,73,73
205,73,73
200,55,55
253,246,246
255,255,255
255,255,255
255,255,255
255,255,255
255,255,255
255,255,255
255,255,255
231,169,169
203,66,66
205,73,73
203,65,65
247,226,226
255,255,255
255,255,255
255,255,255
255,255,255
255,255,255
255,255,255
255,255,255
238,189,189
202,62,62
205,73,73
205,73,73
203,66,66
232,169,169
202,62,62
205,73,73
205,73,73
208,84,84
254,252,252
255,255,255
255,255,255
255,255,255
255,255,255
255,255,255
255,255,255
255,255,255
255,255,255
237,186,186
202,60,60
205,73,73
212,96,96
254,251,251
255,255,255
255,255,255
255,255,255
255,255,255
255,255,255
255,255,255
255,255,255
235,180,180
202,62,62
205,73,73
205,73,73
204,70,70
205,73,73
205,73,73
204,67,67
236,186,186
255,255,255
255,255,255
255,255,255
255,255,255
255,255,255
255,255,255
255,255,255
255,255,255
255,255,255
255,255,255
241,205,205
205,73,73
204,70,70
217,117,117
254,250,250
255,255,255
255,255,255
255,255,255
255,255,255
255,255,255
255,255,255
255,254,254
228,157,157
204,70,70
205,73,73
205,73,73
205,73,73
205,73,73
202,62,62
254,250,250
255,255,255
255,255,255
255,255,255
255,255,255
255,255,255
255,255,255
255,255,255
255,255,255
255,255,255
255,255,255
255,255,255
205,73,73
205,73,73
205,72,72
206,77,77
238,191,191
255,255,255
255,255,255
255,255,255
255,255,255
255,255,255
255,255,255
237,189,189
205,72,72
205,73,73
205,73,73
205,73,73
205,72,72
242,205,205
255,255,255
255,255,255
255,255,255
255,255,255
255,255,255
255,255,255
255,255,255
255,255,255
255,255,255
255,255,255
255,255,255
255,255,255
204,68,68
205,73,73
205,73,73
205,72,72
203,68,68
207,77,77
214,105,105
221,130,130
221,129,129
213,102,102
207,81,81
203,67,67
205,73,73
205,73,73
205,73,73
205,73,73
205,73,73
205,71,71
253,249,249
255,255,255
255,255,255
255,255,255
255,255,255
255,255,255
255,255,255
255,255,255
255,255,255
255,255,255
255,255,255
255,255,255
222,131,131
203,67,67
205,73,73
205,73,73
205,73,73
205,73,73
205,72,72
205,72,72
205,72,72
205,72,72
205,73,73
205,73,73
205,73,73
205,73,73
203,68,68
205,73,73
205,73,73
205,73,73
206,79,79
253,249,249
255,255,255
255,255,255
255,255,255
255,255,255
255,255,255
255,255,255
255,255,255
255,255,255
255,255,255
255,255,255
255,254,254
234,176,176
204,68,68
204,68,68
205,73,73
205,73,73
205,73,73
205,73,73
205,73,73
205,73,73
205,73,73
205,73,73
204,68,68
204,67,67
238,192,192
204,69,69
205,73,73
205,74,74
201,58,58
244,211,211
255,255,255
255,255,255
255,255,255
255,255,255
255,255,255
255,255,255
255,255,255
255,255,255
255,255,255
255,255,255
255,255,255
255,255,255
250,236,236
229,158,158
208,86,86
203,65,65
204,68,68
204,69,69
204,69,69
204,68,68
203,65,65
208,81,81
231,165,165
250,236,236
255,255,255
246,223,223
202,62,62
202,62,62
243,212,212
255,255,255
255,255,255
255,255,255
255,255,255
255,255,255
255,255,255
255,255,255
255,255,255
255,255,255
255,255,255
255,255,255
255,255,255
255,255,255
255,255,255
255,255,255
253,249,249
247,224,224
242,204,204
237,189,189
237,188,188
240,201,201
247,226,226
253,248,248
255,255,255
255,255,255
255,255,255
255,255,255
239,196,196
246,223,223
255,255,255
255,255,255
255,255,255
255,255,255
255,255,255
255,255,255
255,255,255
255,255,255
255,255,255
255,255,255
255,255,255
255,255,255
255,255,255
255,255,255
255,255,255
255,255,255
255,255,255
255,255,255
255,255,255
255,255,255
255,255,255
255,255,255
255,255,255
255,255,255
255,255,255
255,255,255
255,255,255
255,255,255
255,255,255
255,255,255
255,255,255
255,255,255
255,255,255
255,255,255
255,255,255
255,255,255
255,255,255
255,255,255
255,255,255
255,255,255
255,255,255
255,255,255
255,255,255
255,255,255
255,255,255
255,255,255
255,255,255
255,255,255
255,255,255
255,255,255
255,255,255
255,255,255
255,255,255
255,255,255
255,255,255
255,255,255
255,255,255
255,255,255
255,255,255
255,255,255
255,255,255
255,255,255
255,255,255
255,255,255
255,255,255
255,255,255
255,255,255
255,255,255
255,255,255
255,255,255
255,255,255
255,255,255
255,255,255
255,255,255
255,255,255
255,255,255
255,255,255
255,255,255
255,255,255
255,255,255
255,255,255
255,255,255
255,255,255
255,255,255
255,255,255
255,255,255
255,255,255
255,255,255
255,255,255
255,255,255
255,255,255
255,255,255
255,255,255
255,255,255
255,255,255
255,255,255
255,255,255
255,255,255
255,255,255
255,255,255
255,255,255
255,255,255
255,255,255
255,255,255
255,255,255
255,255,255
255,255,255
255,255,255
255,255,255
255,255,255
255,255,255
255,255,255
255,255,255
255,255,255
255,255,255
255,255,255
255,255,255
255,255,255
255,255,255
255,255,255
255,255,255
255,255,255
255,255,255
255,255,255
255,255,255
255,255,255
255,255,255
255,255,255
255,255,255
255,255,255
255,255,255
255,255,255
255,255,255
255,255,255
255,255,255
255,255,255
255,255,255
255,255,255
255,255,255
255,255,255
255,255,255
255,255,255
255,255,255
255,255,255
255,255,255
255,255,255
255,255,255
255,255,255
255,255,255
255,255,255
255,255,255
255,255,255
255,255,255
255,255,255
255,255,255
255,255,255
255,255,255
255,255,255
255,255,255
255,255,255
255,255,255
255,255,255
