255,255,255
255,255,255
255,255,255
255,255,255
255,255,255
255,255,255
255,255,255
255,255,255
255,255,255
255,255,255
255,255,255
255,255,255
255,255,255
255,255,255
255,255,255
255,255,255
255,255,255
255,255,255
255,255,255
255,255,255
255,255,255
255,255,255
255,255,255
255,255,255
255,255,255
255,255,255
255,255,255
255,255,255
255,255,255
255,255,255
255,255,255
255,255,255
255,255,255
255,255,255
255,255,255
255,255,255
255,255,255
255,255,255
255,255,255
255,255,255
255,255,255
255,255,255
255,255,255
255,255,255
255,255,255
255,255,255
255,255,255
255,255,255
255,255,255
255,255,255
255,255,255
255,255,255
255,255,255
255,255,255
255,255,255
255,255,255
255,255,255
255,255,255
255,255,255
255,255,255
255,255,255
255,255,255
255,255,255
254,252,252
240,199,199
219,123,123
210,91,91
208,86,86
208,85,85
210,91,91
216,113,113
238,190,190
253,247,247
255,255,255
255,255,255
255,255,255
255,255,255
255,255,255
255,255,255
255,255,255
255,255,255
255,255,255
255,255,255
255,255,255
255,255,255
255,255,255
255,255,255
255,255,255
255,255,255
255,255,255
255,255,255
255,255,255
230,161,161
206,75,75
204,69,69
205,72,72
205,73,73
205,73,73
205,73,73
205,73,73
205,72,72
204,69,69
204,70,70
225,143,143
255,254,254
255,255,255
255,255,255
255,255,255
255,255,255
255,255,255
255,255,255
255,255,255
255,255,255
255,255,255
255,255,255
255,255,255
255,255,255
255,255,255
255,255,255
255,255,255
251,238,238
212,97,97
204,68,68
205,73,73
205,73,73
205,73,73
205,73,73
205,73,73
205,73,73
205,73,73
205,73,73
205,73,73
205,73,73
204,68,68
208,82,82
247,225,225
255,255,255
255,255,255
255,255,255
255,255,255
255,255,255
255,255,255
255,255,255
255,255,255
255,255,255
255,255,255
255,255,255
255,255,255
255,255,255
255,255,255
205,74,74
205,72,72
205,73,73
205,73,73
205,73,73
203,67,67
204,68,68
204,70,70
204,69,69
204,67,67
203,68,68
205,72,72
205,73,73
205,73,73
205,73,73
203,65,65
245,218,218
255,255,255
255,255,255
255,255,255
255,255,255
255,255,255
255,255,255
255,255,255
255,255,255
255,255,255
255,255,255
255,255,255
255,255,255
255,255,255
205,72,72
205,73,73
205,73,73
202,63,63
211,95,95
233,174,174
244,215,215
248,229,229
248,228,228
244,216,216
233,173,173
211,94,94
202,63,63
205,74,74
205,73,73
205,73,73
204,69,69
253,246,246
255,255,255
255,255,255
255,255,255
255,255,255
255,255,255
255,255,255
255,255,255
255,255,255
255,255,255
254,249,249
224,143,143
209,88,88
205,73,73
205,73,73
205,72,72
235,180,180
253,248,248
255,255,255
255,255,255
255,255,255
255,255,255
255,255,255
255,255,255
254,250,250
236,185,185
204,69,69
205,74,74
205,73,73
205,73,73
214,105,105
255,254,254
255,255,255
255,255,255
255,255,255
255,255,255
255,255,255
255,255,255
255,255,255
255,254,254
217,113,113
204,69,69
205,73,73
205,73,73
203,65,65
242,207,207
255,255,255
255,255,255
255,255,255
255,255,255
255,255,255
255,255,255
255,255,255
255,255,255
255,255,255
255,255,255
244,214,214
203,65,65
205,73,73
205,73,73
201,60,60
246,222,222
255,255,255
255,255,255
255,255,255
255,255,255
255,255,255
255,255,255
255,255,255
241,202,202
203,66,66
205,73,73
205,73,73
203,66,66
235,182,182
255,255,255
255,255,255
255,255,255
255,255,255
255,255,255
255,255,255
255,255,255
255,255,255
255,255,255
255,255,255
255,255,255
255,255,255
238,192,192
202,63,63
205,73,73
205,73,73
220,128,128
255,255,255
255,255,255
255,255,255
255,255,255
255,255,255
255,255,255
255,255,255
228,153,153
205,71,71
205,73,73
205,73,73
208,85,85
253,248,248
255,255,255
255,255,255
255,255,255
255,255,255
255,255,255
255,255,255
255,255,255
255,255,255
255,255,255
255,255,255
255,255,255
255,255,255
254,251,251
208,83,83
205,73,73
205,73,73
202,63,63
253,249,249
255,255,255
255,255,255
255,255,255
255,255,255
255,255,255
255,255,255
231,166,166
204,69,69
205,73,73
205,73,73
229,160,160
255,255,255
255,255,255
255,255,255
255,255,255
255,255,255
255,255,255
255,255,255
255,255,255
255,255,255
255,255,255
255,255,255
255,255,255
255,255,255
255,255,255
232,170,170
205,72,72
205,73,73
202,61,61
252,242,242
255,255,255
255,255,255
255,255,255
255,255,255
255,255,255
255,255,255
250,234,234
206,75,75
205,72,72
205,73,73
240,199,199
255,255,255
255,255,255
255,255,255
255,255,255
255,255,255
255,255,255
255,255,255
255,255,255
255,255,255
255,255,255
255,255,255
255,255,255
255,255,255
255,255,255
248,226,226
204,70,70
205,73,73
203,66,66
248,229,229
255,255,255
255,255,255
255,255,255
255,255,255
255,255,255
255,255,255
255,255,255
241,203,203
206,77,77
205,73,73
244,213,213
255,255,255
255,255,255
255,255,255
255,255,255
255,255,255
255,255,255
255,255,255
255,255,255
255,255,255
254,253,253
244,212,212
255,255,255
255,255,255
255,255,255
250,234,234
203,67,67
205,73,73
204,70,70
245,219,219
255,255,255
255,255,255
255,255,255
255,255,255
255,255,255
255,255,255
255,255,255
240,199,199
207,78,78
205,73,73
239,196,196
255,255,255
255,255,255
255,255,255
255,255,255
255,255,255
255,255,255
255,255,255
255,255,255
254,250,250
228,155,155
200,54,54
234,177,177
255,255,255
255,255,255
245,218,218
204,70,70
205,73,73
203,67,67
248,227,227
255,255,255
255,255,255
255,255,255
255,255,255
255,255,255
255,255,255
249,233,233
204,69,69
205,73,73
205,73,73
227,149,149
255,255,255
255,255,255
255,255,255
255,255,255
255,255,255
255,255,255
255,255,255
253,249,249
221,130,130
203,68,68
205,73,73
204,69,69
244,213,213
255,255,255
231,167,167
205,72,72
205,73,73
202,61,61
252,241,241
255,255,255
255,255,255
255,255,255
255,255,255
255,255,255
255,255,255
231,164,164
204,70,70
205,73,73
205,73,73
207,77,77
252,245,245
255,255,255
255,255,255
255,255,255
255,255,255
255,255,255
255,255,255
253,248,248
216,112,112
204,71,71
205,73,73
205,73,73
203,66,66
250,235,235
205,72,72
205,73,73
205,73,73
202,61,61
254,250,250
255,255,255
255,255,255
255,255,255
255,255,255
255,255,255
255,255,255
228,154,154
204,71,71
205,73,73
205,73,73
203,67,67
232,168,168
255,254,254
255,255,255
255,255,255
255,255,255
255,255,255
255,255,255
255,255,255
253,247,247
212,96,96
205,72,72
205,73,73
205,73,73
205,72,72
205,72,72
205,73,73
205,73,73
224,139,139
255,255,255
255,255,255
255,255,255
255,255,255
255,255,255
255,255,255
255,255,255
241,203,203
203,66,66
205,73,73
205,73,73
205,74,74
201,59,59
241,201,201
255,254,254
255,255,255
255,255,255
255,255,255
255,255,255
255,255,255
255,255,255
252,243,243
208,84,84
205,73,73
205,73,73
205,73,73
205,73,73
205,73,73
200,55,55
253,244,244
255,255,255
255,255,255
255,255,255
255,255,255
255,255,255
255,255,255
255,255,255
255,255,255
217,116,116
203,67,67
205,73,73
205,73,73
205,73,73
202,63,63
229,160,160
254,250,250
255,255,255
255,255,255
255,255,255
255,255,255
255,255,255
255,255,255
250,236,236
204,68,68
205,73,73
205,73,73
205,73,73
205,73,73
221,130,130
255,255,255
255,255,255
255,255,255
255,255,255
255,255,255
255,255,255
255,255,255
255,255,255
255,255,255
255,255,255
227,151,151
203,64,64
205,73,73
205,73,73
205,73,73
204,68,68
204,68,68
224,142,142
247,227,227
253,244,244
252,244,244
247,223,223
228,155,155
203,66,66
205,72,72
205,73,73
205,73,73
205,73,73
205,73,73
222,135,135
255,255,255
255,255,255
255,255,255
255,255,255
255,255,255
255,255,255
255,255,255
255,255,255
255,255,255
255,255,255
255,255,255
255,255,255
203,63,63
205,72,72
205,73,73
205,73,73
205,73,73
204,72,72
204,69,69
203,67,67
204,68,68
204,69,69
204,71,71
205,73,73
205,73,73
205,73,73
205,73,73
205,73,73
205,73,73
203,68,68
228,155,155
255,255,255
255,255,255
255,255,255
255,255,255
255,255,255
255,255,255
255,255,255
255,255,255
255,255,255
255,255,255
255,255,255
253,246,246
209,89,89
203,67,67
205,73,73
205,73,73
205,73,73
205,73,73
205,73,73
205,73,73
205,73,73
205,73,73
205,73,73
205,73,73
204,66,66
209,86,86
203,67,67
205,73,73
205,73,73
202,63,63
238,191,191
255,255,255
255,255,255
255,255,255
255,255,255
255,255,255
255,255,255
255,255,255
255,255,255
255,255,255
255,255,255
255,255,255
254,250,250
234,178,178
203,66,66
203,66,66
205,73,73
205,73,73
205,73,73
205,73,73
205,73,73
205,73,73
203,67,67
204,68,68
234,177,177
254,252,252
228,157,157
205,71,71
204,69,69
218,118,118
254,250,250
255,255,255
255,255,255
255,255,255
255,255,255
255,255,255
255,255,255
255,255,255
255,255,255
255,255,255
255,255,255
255,255,255
255,255,255
255,255,255
253,246,246
244,214,214
226,148,148
214,106,106
208,82,82
207,81,81
213,99,99
226,151,151
243,210,210
253,247,247
255,255,255
255,255,255
255,254,254
217,116,116
225,145,145
255,254,254
255,255,255
255,255,255
255,255,255
255,255,255
255,255,255
255,255,255
255,255,255
255,255,255
255,255,255
255,255,255
255,255,255
255,255,255
255,255,255
255,255,255
255,255,255
255,255,255
255,255,255
255,254,254
254,252,252
254,252,252
255,254,254
255,255,255
255,255,255
255,255,255
255,255,255
255,255,255
255,255,255
254,250,250
255,255,255
255,255,255
255,255,255
255,255,255
255,255,255
255,255,255
255,255,255
255,255,255
255,255,255
255,255,255
255,255,255
255,255,255
255,255,255
255,255,255
255,255,255
255,255,255
255,255,255
255,255,255
255,255,255
255,255,255
255,255,255
255,255,255
255,255,255
255,255,255
255,255,255
255,255,255
255,255,255
255,255,255
255,255,255
255,255,255
255,255,255
255,255,255
255,255,255
255,255,255
255,255,255
255,255,255
255,255,255
255,255,255
255,255,255
255,255,255
255,255,255
255,255,255
255,255,255
255,255,255
255,255,255
255,255,255
255,255,255
255,255,255
255,255,255
255,255,255
255,255,255
255,255,255
255,255,255
255,255,255
255,255,255
255,255,255
255,255,255
255,255,255
255,255,255
255,255,255
255,255,255
255,255,255
255,255,255
255,255,255
255,255,255
255,255,255
255,255,255
255,255,255
255,255,255
255,255,255
255,255,255
255,255,255
255,255,255
255,255,255
255,255,255
255,255,255
255,255,255
255,255,255
255,255,255
255,255,255
255,255,255
255,255,255
255,255,255
255,255,255
255,255,255
255,255,255
255,255,255
255,255,255
255,255,255
255,255,255
255,255,255
255,255,255
255,255,255
255,255,255
255,255,255
255,255,255
255,255,255
255,255,255
255,255,255
255,255,255
255,255,255
255,255,255
255,255,255
255,255,255
255,255,255
255,255,255
255,255,255
255,255,255
255,255,255
255,255,255
255,255,255
255,255,255
255,255,255
255,255,255
255,255,255
255,255,255
255,255,255
255,255,255
255,255,255
255,255,255
255,255,255
255,255,255
255,255,255
255,255,255
255,255,255
255,255,255
255,255,255
255,255,255
255,255,255
255,255,255
255,255,255
255,255,255
255,255,255
