32,32,35
232,232,232
255,255,255
255,255,255
255,255,255
255,255,255
255,255,255
255,255,255
255,255,255
255,255,255
255,255,255
255,255,255
255,255,255
255,255,255
255,255,255
255,255,255
255,255,255
255,255,255
255,255,255
255,255,255
255,255,255
255,255,255
255,255,255
255,255,255
255,255,255
255,255,255
255,255,255
255,255,255
255,255,255
255,255,255
36,36,39
85,85,87
84,84,86
84,84,86
84,84,86
84,84,86
84,84,86
84,84,86
84,84,86
84,84,86
84,84,86
84,84,86
84,84,86
84,84,86
84,84,86
84,84,86
84,84,86
84,84,86
66,66,67
250,250,250
255,255,255
255,255,255
255,255,255
255,255,255
255,255,255
255,255,255
255,255,255
255,255,255
255,255,255
255,255,255
35,35,38
35,35,38
35,35,38
35,35,38
35,35,38
35,35,38
35,35,38
35,35,38
35,35,38
35,35,38
35,35,38
35,35,38
35,35,38
35,35,38
35,35,38
35,35,38
35,35,38
35,35,38
10,10,13
248,248,248
255,255,255
255,255,255
255,255,255
255,255,255
255,255,255
255,255,255
255,255,255
255,255,255
255,255,255
255,255,255
35,35,38
35,35,38
35,35,38
35,35,38
35,35,38
35,35,38
35,35,38
35,35,38
35,35,38
35,35,38
35,35,38
35,35,38
35,35,38
35,35,38
35,35,38
35,35,38
35,35,38
35,35,38
10,10,13
248,248,248
255,255,255
255,255,255
255,255,255
255,255,255
255,255,255
255,255,255
255,255,255
255,255,255
255,255,255
255,255,255
37,37,40
37,37,40
37,37,40
37,37,40
37,37,40
37,37,40
37,37,40
37,37,40
37,37,40
37,37,40
37,37,40
37,37,40
37,37,40
37,37,40
37,37,40
37,37,40
37,37,40
37,37,40
15,15,16
248,248,248
255,255,255
255,255,255
255,255,255
255,255,255
255,255,255
255,255,255
255,255,255
255,255,255
255,255,255
255,255,255
255,255,255
255,255,255
255,255,255
255,255,255
255,255,255
255,255,255
255,255,255
255,255,255
255,255,255
255,255,255
255,255,255
255,255,255
255,255,255
255,255,255
255,255,255
255,255,255
255,255,255
255,255,255
255,255,255
255,255,255
255,255,255
255,255,255
255,255,255
255,255,255
255,255,255
255,255,255
255,255,255
255,255,255
255,255,255
255,255,255
255,255,255
255,255,255
255,255,255
253,253,253
245,245,246
225,225,225
184,184,185
155,155,157
152,152,153
180,180,180
216,216,217
244,244,244
252,252,252
255,255,255
255,255,255
255,255,255
255,255,255
255,255,255
255,255,255
255,255,255
255,255,255
255,255,255
255,255,255
255,255,255
255,255,255
253,253,253
195,195,196
86,86,88
83,83,85
190,190,191
255,255,255
252,252,253
201,201,203
63,63,66
27,27,30
24,24,27
27,27,30
30,30,33
30,30,33
28,28,31
25,25,28
26,26,29
46,46,49
184,184,185
251,251,251
255,255,255
255,255,255
255,255,255
255,255,255
255,255,255
255,255,255
255,255,255
255,255,255
255,255,255
255,255,255
126,126,128
23,23,26
35,35,38
35,35,38
27,27,30
229,229,229
42,42,45
26,26,29
35,35,38
35,35,38
35,35,38
35,35,38
35,35,38
35,35,38
35,35,38
35,35,38
35,35,38
35,35,38
31,31,34
22,22,25
210,210,210
255,255,255
255,255,255
255,255,255
255,255,255
255,255,255
255,255,255
255,255,255
255,255,255
228,228,228
29,29,32
35,35,38
35,35,38
35,35,38
35,35,38
24,24,28
34,34,37
35,35,38
35,35,38
35,35,38
35,35,38
35,35,38
35,35,38
35,35,38
35,35,38
35,35,38
35,35,38
35,35,38
35,35,38
35,35,38
22,22,25
148,148,149
255,255,255
255,255,255
255,255,255
255,255,255
255,255,255
255,255,255
255,255,255
191,191,191
23,23,26
35,35,38
35,35,38
35,35,38
35,35,38
35,35,38
35,35,38
35,35,38
28,28,31
28,28,31
75,75,77
139,139,141
164,164,165
163,163,165
138,138,139
76,76,78
27,27,30
27,27,30
35,35,38
35,35,38
35,35,38
29,29,32
169,169,170
255,255,255
255,255,255
255,255,255
255,255,255
255,255,255
255,255,255
231,231,232
31,31,33
35,35,38
35,35,38
35,35,38
35,35,38
35,35,38
34,34,37
39,39,42
185,185,187
244,244,244
253,253,253
255,255,255
255,255,255
255,255,255
255,255,255
253,253,253
244,244,244
189,189,189
35,35,38
36,36,38
35,35,38
35,35,38
18,18,21
245,245,246
255,255,255
255,255,255
255,255,255
255,255,255
255,255,255
255,255,255
140,140,142
18,18,22
35,35,38
35,35,38
20,20,23
32,32,35
78,78,81
241,241,242
255,255,255
255,255,255
255,255,255
255,255,255
255,255,255
255,255,255
255,255,255
255,255,255
255,255,255
255,255,255
241,241,242
78,78,81
33,33,36
35,35,38
35,35,38
112,112,114
255,255,255
255,255,255
255,255,255
255,255,255
255,255,255
255,255,255
254,254,254
203,203,203
120,120,121
119,119,120
200,200,201
43,43,45
240,240,240
255,255,255
255,255,255
255,255,255
255,255,255
255,255,255
255,255,255
255,255,255
255,255,255
255,255,255
255,255,255
255,255,255
255,255,255
246,246,246
37,37,40
35,35,38
35,35,38
20,20,23
248,248,248
255,255,255
255,255,255
255,255,255
255,255,255
255,255,255
255,255,255
255,255,255
255,255,255
255,255,255
255,255,255
159,159,160
255,255,255
255,255,255
255,255,255
255,255,255
255,255,255
255,255,255
255,255,255
255,255,255
255,255,255
255,255,255
255,255,255
255,255,255
255,255,255
255,255,255
180,180,180
34,34,37
35,35,38
22,22,25
236,236,237
255,255,255
255,255,255
255,255,255
255,255,255
255,255,255
255,255,255
255,255,255
255,255,255
255,255,255
255,255,255
212,212,213
255,255,255
255,255,255
255,255,255
255,255,255
255,255,255
255,255,255
255,255,255
255,255,255
255,255,255
255,255,255
255,255,255
255,255,255
255,255,255
255,255,255
234,234,235
26,26,29
35,35,38
29,29,32
217,217,217
255,255,255
255,255,255
255,255,255
255,255,255
255,255,255
255,255,255
255,255,255
255,255,255
255,255,255
255,255,255
208,208,209
255,255,255
255,255,255
255,255,255
255,255,255
255,255,255
255,255,255
255,255,255
255,255,255
255,255,255
255,255,255
255,255,255
255,255,255
255,255,255
255,255,255
234,234,235
26,26,29
35,35,38
29,29,32
219,219,219
255,255,255
255,255,255
255,255,255
255,255,255
255,255,255
255,255,255
255,255,255
255,255,255
255,255,255
255,255,255
150,150,152
255,255,255
255,255,255
255,255,255
255,255,255
255,255,255
255,255,255
255,255,255
255,255,255
255,255,255
255,255,255
255,255,255
255,255,255
255,255,255
255,255,255
185,185,186
32,32,35
35,35,38
21,21,24
237,237,238
255,255,255
255,255,255
255,255,255
255,255,255
255,255,255
255,255,255
255,255,255
255,255,255
255,255,255
255,255,255
40,40,43
234,234,234
255,255,255
255,255,255
255,255,255
255,255,255
255,255,255
255,255,255
255,255,255
255,255,255
255,255,255
255,255,255
255,255,255
255,255,255
247,247,248
46,46,49
35,35,38
35,35,38
25,25,28
248,248,248
255,255,255
255,255,255
255,255,255
255,255,255
255,255,255
255,255,255
255,255,255
255,255,255
255,255,255
255,255,255
32,32,35
69,69,71
233,233,234
255,255,255
255,255,255
255,255,255
255,255,255
255,255,255
255,255,255
255,255,255
255,255,255
255,255,255
255,255,255
247,247,247
94,94,96
30,30,33
35,35,38
33,33,36
124,124,127
255,255,255
255,255,255
255,255,255
255,255,255
255,255,255
255,255,255
255,255,255
255,255,255
255,255,255
255,255,255
255,255,255
35,35,38
34,34,37
44,44,47
158,158,160
236,236,236
255,255,255
255,255,255
255,255,255
255,255,255
255,255,255
255,255,255
247,247,247
178,178,179
56,56,59
33,33,36
35,35,38
35,35,38
25,25,28
241,241,242
255,255,255
255,255,255
255,255,255
255,255,255
255,255,255
255,255,255
255,255,255
255,255,255
255,255,255
255,255,255
255,255,255
35,35,38
35,35,38
35,35,38
24,24,27
38,38,41
83,83,86
134,134,135
154,154,155
156,156,158
139,139,141
94,94,96
45,45,48
22,22,25
35,35,38
35,35,38
35,35,38
25,25,28
183,183,184
255,255,255
255,255,255
255,255,255
255,255,255
255,255,255
255,255,255
255,255,255
255,255,255
255,255,255
255,255,255
255,255,255
255,255,255
31,31,34
34,34,37
35,35,38
35,35,38
35,35,38
34,34,37
32,32,35
32,32,35
31,31,34
32,32,35
33,33,36
35,35,38
35,35,38
35,35,38
34,34,37
27,27,30
160,160,161
255,255,255
255,255,255
255,255,255
255,255,255
255,255,255
255,255,255
255,255,255
255,255,255
255,255,255
255,255,255
255,255,255
255,255,255
255,255,255
202,202,203
60,60,62
26,26,30
33,33,36
35,35,38
35,35,38
35,35,38
35,35,38
35,35,38
35,35,38
35,35,38
35,35,38
33,33,37
26,26,29
55,55,58
203,203,204
255,255,255
255,255,255
255,255,255
255,255,255
255,255,255
255,255,255
255,255,255
255,255,255
255,255,255
255,255,255
255,255,255
255,255,255
255,255,255
255,255,255
255,255,255
255,255,255
171,171,172
67,67,70
38,38,41
30,30,33
31,31,34
32,32,35
32,32,35
31,31,34
30,30,33
38,38,41
64,64,66
171,171,172
255,255,255
255,255,255
255,255,255
255,255,255
255,255,255
255,255,255
255,255,255
255,255,255
255,255,255
255,255,255
255,255,255
255,255,255
255,255,255
255,255,255
255,255,255
255,255,255
255,255,255
255,255,255
255,255,255
255,255,255
244,244,244
203,203,203
168,168,170
144,144,146
145,145,147
168,168,170
202,202,202
243,243,243
255,255,255
255,255,255
255,255,255
255,255,255
255,255,255
255,255,255
255,255,255
255,255,255
255,255,255
255,255,255
255,255,255
255,255,255
255,255,255
255,255,255
255,255,255
255,255,255
255,255,255
255,255,255
255,255,255
255,255,255
255,255,255
255,255,255
255,255,255
255,255,255
255,255,255
255,255,255
255,255,255
255,255,255
255,255,255
255,255,255
255,255,255
255,255,255
255,255,255
255,255,255
255,255,255
255,255,255
255,255,255
255,255,255
255,255,255
255,255,255
255,255,255
255,255,255
255,255,255
255,255,255
255,255,255
255,255,255
255,255,255
255,255,255
255,255,255
255,255,255
255,255,255
255,255,255
255,255,255
255,255,255
255,255,255
255,255,255
255,255,255
255,255,255
255,255,255
255,255,255
255,255,255
255,255,255
255,255,255
255,255,255
255,255,255
255,255,255
255,255,255
255,255,255
255,255,255
255,255,255
255,255,255
255,255,255
255,255,255
255,255,255
255,255,255
255,255,255
255,255,255
255,255,255
255,255,255
255,255,255
255,255,255
255,255,255
255,255,255
255,255,255
255,255,255
255,255,255
255,255,255
255,255,255
255,255,255
255,255,255
255,255,255
255,255,255
255,255,255
255,255,255
255,255,255
255,255,255
255,255,255
255,255,255
255,255,255
255,255,255
255,255,255
255,255,255
255,255,255
255,255,255
255,255,255
255,255,255
255,255,255
255,255,255
255,255,255
255,255,255
255,255,255
255,255,255
255,255,255
255,255,255
255,255,255
255,255,255
255,255,255
255,255,255
255,255,255
255,255,255
255,255,255
255,255,255
255,255,255
255,255,255
255,255,255
255,255,255
255,255,255
255,255,255
255,255,255
255,255,255
255,255,255
255,255,255
255,255,255
255,255,255
255,255,255
255,255,255
255,255,255
255,255,255
