203,65,65
243,211,211
255,255,255
255,255,255
255,255,255
255,255,255
255,255,255
255,255,255
255,255,255
255,255,255
255,255,255
255,255,255
255,255,255
255,255,255
255,255,255
255,255,255
255,255,255
255,255,255
255,255,255
255,255,255
255,255,255
255,255,255
255,255,255
255,255,255
255,255,255
255,255,255
255,255,255
255,255,255
255,255,255
255,255,255
205,72,72
251,240,240
255,254,254
255,254,254
255,254,254
255,254,254
255,254,254
255,254,254
255,254,254
255,254,254
255,254,254
255,254,254
255,254,254
255,254,254
255,254,254
255,254,254
255,254,254
255,254,254
255,254,254
255,255,255
255,255,255
255,255,255
255,255,255
255,255,255
255,255,255
255,255,255
255,255,255
255,255,255
255,255,255
255,255,255
205,73,73
209,89,89
210,89,89
210,89,89
210,89,89
210,89,89
210,89,89
210,89,89
210,89,89
210,89,89
210,89,89
210,89,89
210,89,89
210,89,89
210,89,89
210,89,89
210,89,89
210,89,89
204,68,68
254,250,250
255,255,255
255,255,255
255,255,255
255,255,255
255,255,255
255,255,255
255,255,255
255,255,255
255,255,255
255,255,255
205,73,73
205,73,73
205,73,73
205,73,73
205,73,73
205,73,73
205,73,73
205,73,73
205,73,73
205,73,73
205,73,73
205,73,73
205,73,73
205,73,73
205,73,73
205,73,73
205,73,73
205,73,73
199,52,52
253,249,249
255,255,255
255,255,255
255,255,255
255,255,255
255,255,255
255,255,255
255,255,255
255,255,255
255,255,255
255,255,255
205,73,73
205,73,73
205,73,73
205,73,73
205,73,73
205,73,73
205,73,73
205,73,73
205,73,73
205,73,73
205,73,73
205,73,73
205,73,73
205,73,73
205,73,73
205,73,73
205,73,73
205,73,73
199,51,51
253,249,249
255,255,255
255,255,255
255,255,255
255,255,255
255,255,255
255,255,255
255,255,255
255,255,255
255,255,255
255,255,255
211,94,94
211,94,94
211,94,94
211,94,94
211,94,94
211,94,94
211,94,94
211,94,94
211,94,94
211,94,94
211,94,94
211,94,94
211,94,94
211,94,94
211,94,94
211,94,94
211,94,94
211,94,94
206,75,75
254,250,250
255,255,255
255,255,255
255,255,255
255,255,255
255,255,255
255,255,255
255,255,255
255,255,255
255,255,255
255,255,255
255,255,255
255,255,255
255,255,255
255,255,255
255,255,255
255,255,255
255,255,255
255,255,255
255,255,255
255,255,255
255,255,255
255,255,255
255,255,255
255,255,255
255,255,255
255,255,255
255,255,255
255,255,255
255,255,255
255,255,255
255,255,255
255,255,255
255,255,255
255,255,255
255,255,255
255,255,255
255,255,255
255,255,255
255,255,255
255,255,255
255,255,255
255,255,255
255,255,255
253,248,248
245,217,217
235,182,182
227,154,154
223,136,136
222,134,134
227,152,152
233,175,175
243,212,212
252,244,244
255,255,255
255,255,255
255,255,255
255,255,255
255,255,255
255,255,255
255,255,255
255,255,255
255,255,255
255,255,255
255,255,255
255,255,255
255,255,255
255,255,255
255,255,255
255,255,255
243,211,211
255,255,255
250,237,237
231,165,165
209,85,85
204,68,68
203,67,67
204,69,69
204,70,70
204,70,70
204,69,69
204,68,68
204,68,68
206,78,78
227,151,151
248,228,228
255,255,255
255,255,255
255,255,255
255,255,255
255,255,255
255,255,255
255,255,255
255,255,255
255,255,255
255,255,255
255,255,255
255,255,255
255,255,255
240,201,201
205,71,71
238,193,193
205,74,74
204,68,68
205,73,73
205,73,73
205,73,73
205,73,73
205,73,73
205,73,73
205,73,73
205,73,73
205,73,73
205,73,73
204,71,71
203,64,64
233,174,174
255,255,255
255,255,255
255,255,255
255,255,255
255,255,255
255,255,255
255,255,255
255,255,255
255,255,255
255,255,255
255,255,255
236,185,185
203,66,66
205,74,74
202,65,65
205,73,73
205,73,73
205,73,73
205,73,73
204,71,71
204,68,68
203,67,67
203,67,67
204,68,68
204,71,71
205,73,73
205,73,73
205,73,73
205,73,73
203,65,65
222,134,134
255,255,255
255,255,255
255,255,255
255,255,255
255,255,255
255,255,255
255,255,255
255,255,255
255,255,255
233,173,173
203,65,65
205,73,73
205,73,73
205,73,73
205,73,73
204,71,71
204,70,70
212,96,96
225,142,142
237,189,189
242,207,207
242,206,206
238,189,189
225,143,143
211,95,95
204,70,70
204,71,71
205,73,73
205,73,73
204,70,70
227,154,154
255,255,255
255,255,255
255,255,255
255,255,255
255,255,255
255,255,255
255,254,254
229,157,157
203,65,65
205,73,73
205,73,73
205,73,73
205,73,73
204,70,70
213,101,101
247,223,223
255,255,255
255,255,255
255,255,255
255,255,255
255,255,255
255,255,255
255,255,255
255,255,255
248,226,226
213,100,100
204,71,71
205,73,73
205,73,73
201,57,57
250,234,234
255,255,255
255,255,255
255,255,255
255,255,255
255,255,255
224,141,141
203,65,65
205,73,73
205,73,73
205,73,73
205,73,73
204,69,69
223,134,134
255,254,254
255,255,255
255,255,255
255,255,255
255,255,255
255,255,255
255,255,255
255,255,255
255,255,255
255,255,255
255,255,255
255,254,254
223,137,137
204,68,68
205,73,73
205,74,74
219,121,121
255,255,255
255,255,255
255,255,255
255,255,255
255,255,255
227,150,150
203,67,67
205,73,73
205,73,73
205,73,73
205,73,73
210,90,90
254,250,250
255,255,255
255,255,255
255,255,255
255,255,255
255,255,255
255,255,255
255,255,255
255,255,255
255,255,255
255,255,255
255,255,255
255,255,255
254,251,251
209,86,86
205,73,73
205,73,73
200,55,55
253,247,247
255,255,255
255,255,255
255,255,255
255,255,255
255,255,255
231,168,168
203,66,66
205,73,73
205,73,73
205,73,73
238,190,190
255,255,255
255,255,255
255,255,255
255,255,255
255,255,255
255,255,255
255,255,255
255,255,255
255,255,255
255,255,255
255,255,255
255,255,255
255,255,255
255,255,255
244,211,211
204,71,71
205,73,73
202,64,64
250,237,237
255,255,255
255,255,255
255,255,255
255,255,255
255,255,255
255,255,255
237,188,188
203,64,64
205,73,73
205,73,73
247,223,223
255,255,255
255,255,255
255,255,255
255,255,255
255,255,255
255,255,255
255,255,255
255,255,255
255,255,255
255,255,255
255,255,255
255,255,255
255,255,255
255,255,255
251,240,240
203,64,64
205,73,73
204,69,69
246,220,220
255,255,255
255,255,255
255,255,255
255,255,255
255,255,255
255,255,255
255,255,255
241,204,204
203,64,64
205,73,73
244,213,213
255,255,255
255,255,255
255,255,255
255,255,255
255,255,255
255,255,255
255,255,255
255,255,255
255,255,255
255,255,255
255,255,255
255,255,255
255,255,255
255,255,255
250,236,236
203,66,66
205,73,73
203,66,66
248,228,228
255,255,255
255,255,255
255,255,255
255,255,255
255,255,255
255,255,255
255,255,255
255,255,255
245,218,218
203,66,66
228,155,155
255,255,255
255,255,255
255,255,255
255,255,255
255,255,255
255,255,255
255,255,255
255,255,255
255,255,255
255,255,255
255,255,255
255,255,255
255,255,255
255,255,255
235,181,181
205,72,72
205,73,73
201,60,60
252,242,242
255,255,255
255,255,255
255,255,255
255,255,255
255,255,255
255,255,255
255,255,255
255,255,255
255,255,255
247,225,225
203,66,66
248,228,228
255,255,255
255,255,255
255,255,255
255,255,255
255,255,255
255,255,255
255,255,255
255,255,255
255,255,255
255,255,255
255,255,255
255,255,255
252,245,245
204,67,67
205,73,73
205,73,73
205,72,72
254,251,251
255,255,255
255,255,255
255,255,255
255,255,255
255,255,255
255,255,255
255,255,255
255,255,255
255,255,255
255,255,255
205,72,72
206,76,76
247,225,225
255,255,255
255,255,255
255,255,255
255,255,255
255,255,255
255,255,255
255,255,255
255,255,255
255,255,255
255,255,255
252,244,244
209,88,88
205,72,72
205,73,73
204,70,70
231,165,165
255,255,255
255,255,255
255,255,255
255,255,255
255,255,255
255,255,255
255,255,255
255,255,255
255,255,255
255,255,255
255,255,255
205,73,73
205,73,73
204,69,69
222,132,132
248,228,228
255,255,255
255,255,255
255,255,255
255,255,255
255,255,255
255,255,255
252,244,244
227,152,152
204,69,69
205,72,72
205,73,73
205,73,73
204,70,70
254,249,249
255,255,255
255,255,255
255,255,255
255,255,255
255,255,255
255,255,255
255,255,255
255,255,255
255,255,255
255,255,255
255,255,255
205,73,73
205,73,73
205,73,73
204,69,69
204,69,69
209,86,86
215,109,109
218,119,119
218,122,122
216,113,113
210,90,90
204,70,70
204,68,68
205,73,73
205,73,73
205,73,73
202,61,61
247,225,225
255,255,255
255,255,255
255,255,255
255,255,255
255,255,255
255,255,255
255,255,255
255,255,255
255,255,255
255,255,255
255,255,255
255,255,255
204,70,70
205,71,71
205,73,73
205,73,73
205,73,73
205,73,73
205,72,72
205,72,72
205,72,72
205,72,72
205,72,72
205,73,73
205,73,73
205,73,73
205,72,72
203,65,65
245,215,215
255,255,255
255,255,255
255,255,255
255,255,255
255,255,255
255,255,255
255,255,255
255,255,255
255,255,255
255,255,255
255,255,255
255,255,255
255,255,255
249,233,233
219,121,121
202,62,62
204,70,70
205,73,73
205,73,73
205,73,73
205,73,73
205,73,73
205,73,73
205,73,73
205,73,73
204,71,71
201,61,61
218,116,116
249,233,233
255,255,255
255,255,255
255,255,255
255,255,255
255,255,255
255,255,255
255,255,255
255,255,255
255,255,255
255,255,255
255,255,255
255,255,255
255,255,255
255,255,255
255,255,255
255,255,255
245,217,217
225,142,142
210,92,92
203,66,66
203,66,66
204,68,68
203,68,68
203,67,67
203,65,65
211,91,91
223,140,140
245,218,218
255,255,255
255,255,255
255,255,255
255,255,255
255,255,255
255,255,255
255,255,255
255,255,255
255,255,255
255,255,255
255,255,255
255,255,255
255,255,255
255,255,255
255,255,255
255,255,255
255,255,255
255,255,255
255,255,255
255,255,255
254,250,250
248,231,231
244,215,215
241,203,203
241,203,203
244,214,214
248,230,230
254,250,250
255,255,255
255,255,255
255,255,255
255,255,255
255,255,255
255,255,255
255,255,255
255,255,255
255,255,255
255,255,255
255,255,255
255,255,255
255,255,255
255,255,255
255,255,255
255,255,255
255,255,255
255,255,255
255,255,255
255,255,255
255,255,255
255,255,255
255,255,255
255,255,255
255,255,255
255,255,255
255,255,255
255,255,255
255,255,255
255,255,255
255,255,255
255,255,255
255,255,255
255,255,255
255,255,255
255,255,255
255,255,255
255,255,255
255,255,255
255,255,255
255,255,255
255,255,255
255,255,255
255,255,255
255,255,255
255,255,255
255,255,255
255,255,255
255,255,255
255,255,255
255,255,255
255,255,255
255,255,255
255,255,255
255,255,255
255,255,255
255,255,255
255,255,255
255,255,255
255,255,255
255,255,255
255,255,255
255,255,255
255,255,255
255,255,255
255,255,255
255,255,255
255,255,255
255,255,255
255,255,255
255,255,255
255,255,255
255,255,255
255,255,255
255,255,255
255,255,255
255,255,255
255,255,255
255,255,255
255,255,255
255,255,255
255,255,255
255,255,255
255,255,255
255,255,255
255,255,255
255,255,255
255,255,255
255,255,255
255,255,255
255,255,255
255,255,255
255,255,255
255,255,255
255,255,255
255,255,255
255,255,255
255,255,255
255,255,255
255,255,255
255,255,255
255,255,255
255,255,255
255,255,255
255,255,255
255,255,255
255,255,255
255,255,255
