255,255,255
255,255,255
255,255,255
255,255,255
255,255,255
255,255,255
255,255,255
255,255,255
255,255,255
255,255,255
255,255,255
255,255,255
255,255,255
255,255,255
255,255,255
225,225,226
255,255,255
255,255,255
255,255,255
255,255,255
255,255,255
255,255,255
255,255,255
255,255,255
255,255,255
255,255,255
255,255,255
255,255,255
255,255,255
255,255,255
245,245,246
255,255,255
255,255,255
255,255,255
255,255,255
255,255,255
255,255,255
255,255,255
255,255,255
255,255,255
255,255,255
255,255,255
255,255,255
255,255,255
203,203,203
24,24,27
195,195,195
255,255,255
255,255,255
255,255,255
255,255,255
255,255,255
255,255,255
255,255,255
255,255,255
255,255,255
255,255,255
255,255,255
255,255,255
255,255,255
163,163,165
255,255,255
255,255,255
255,255,255
255,255,255
255,255,255
255,255,255
255,255,255
255,255,255
255,255,255
255,255,255
255,255,255
255,255,255
210,210,211
27,27,30
36,36,39
24,24,27
228,228,229
255,255,255
255,255,255
255,255,255
255,255,255
255,255,255
255,255,255
255,255,255
255,255,255
255,255,255
255,255,255
255,255,255
255,255,255
164,164,165
255,255,255
255,255,255
255,255,255
255,255,255
255,255,255
255,255,255
255,255,255
255,255,255
255,255,255
255,255,255
255,255,255
252,252,252
72,72,75
34,34,37
35,35,38
35,35,38
55,55,58
252,252,252
255,255,255
255,255,255
255,255,255
255,255,255
255,255,255
255,255,255
255,255,255
255,255,255
255,255,255
255,255,255
233,233,233
164,164,165
255,255,255
255,255,255
255,255,255
255,255,255
255,255,255
255,255,255
255,255,255
255,255,255
255,255,255
255,255,255
255,255,255
255,255,255
243,243,243
52,52,54
34,34,37
35,35,38
23,23,26
195,195,195
255,255,255
255,255,255
255,255,255
255,255,255
255,255,255
255,255,255
255,255,255
255,255,255
255,255,255
237,237,238
62,62,64
164,164,165
255,255,255
255,255,255
255,255,255
255,255,255
255,255,255
202,202,202
193,193,193
234,234,234
254,254,254
255,255,255
255,255,255
255,255,255
255,255,255
225,225,225
21,21,25
35,35,38
36,36,39
78,78,80
254,254,254
255,255,255
255,255,255
255,255,255
255,255,255
255,255,255
255,255,255
255,255,255
239,239,240
73,73,75
32,32,35
164,164,165
255,255,255
255,255,255
255,255,255
255,255,255
177,177,178
27,27,29
28,28,31
23,23,26
236,236,236
255,255,255
255,255,255
255,255,255
255,255,255
255,255,255
88,88,91
35,35,38
35,35,38
13,13,16
245,245,245
255,255,255
255,255,255
255,255,255
255,255,255
255,255,255
255,255,255
243,243,243
73,73,75
32,32,35
35,35,38
164,164,165
255,255,255
255,255,255
255,255,255
163,163,164
25,25,28
36,36,39
35,35,38
33,33,36
233,233,233
255,255,255
255,255,255
255,255,255
255,255,255
255,255,255
210,210,210
32,32,35
35,35,38
22,22,25
238,238,237
255,255,255
255,255,255
255,255,255
255,255,255
255,255,255
244,244,244
77,77,80
31,31,34
35,35,38
35,35,38
164,164,165
255,255,255
254,254,254
153,153,154
27,27,29
35,35,38
35,35,38
35,35,38
33,33,36
216,216,217
255,255,255
255,255,255
255,255,255
255,255,255
255,255,255
232,232,233
27,27,30
35,35,38
29,29,32
219,219,220
255,255,255
255,255,255
255,255,255
255,255,255
249,249,249
75,75,77
32,32,35
35,35,38
35,35,38
35,35,38
164,164,165
254,254,254
137,137,139
25,25,28
35,35,38
34,34,37
33,33,37
35,35,38
32,32,35
189,189,190
255,255,255
255,255,255
255,255,255
255,255,255
255,255,255
236,236,235
25,25,28
35,35,38
30,30,33
214,214,214
255,255,255
255,255,255
255,255,255
255,255,255
245,245,246
71,71,74
31,31,34
35,35,38
35,35,38
35,35,38
171,171,172
124,124,126
29,29,32
35,35,38
35,35,38
56,56,58
72,72,75
33,33,36
30,30,33
122,122,124
255,255,255
255,255,255
255,255,255
255,255,255
255,255,255
204,204,206
32,32,35
35,35,38
25,25,28
228,228,228
255,255,255
255,255,255
255,255,255
255,255,255
255,255,255
255,255,255
75,75,77
33,33,36
35,35,38
35,35,38
45,45,47
31,31,34
35,35,38
35,35,38
45,45,47
233,233,234
153,153,155
25,25,28
35,35,38
36,36,39
249,249,249
255,255,255
255,255,255
255,255,255
249,249,249
42,42,44
35,35,38
35,35,38
11,11,14
246,246,246
255,255,255
255,255,255
255,255,255
255,255,255
255,255,255
255,255,255
255,255,255
67,67,70
31,31,34
35,35,38
35,35,38
35,35,38
35,35,38
38,38,41
239,239,239
255,255,255
196,196,197
27,27,30
35,35,38
35,35,38
40,40,43
217,217,218
254,254,254
218,218,218
53,53,55
35,35,38
35,35,38
36,36,39
91,91,94
254,254,254
255,255,255
255,255,255
255,255,255
255,255,255
255,255,255
255,255,255
255,255,255
252,252,252
64,64,66
35,35,38
35,35,38
35,35,38
51,51,54
239,239,239
255,255,255
255,255,255
254,254,254
67,67,69
36,36,39
35,35,38
35,35,38
22,22,25
12,12,15
23,23,26
35,35,38
35,35,38
35,35,38
11,11,14
242,242,241
255,255,255
255,255,255
255,255,255
255,255,255
255,255,255
255,255,255
255,255,255
255,255,255
255,255,255
251,251,251
55,55,57
34,34,37
48,48,50
239,239,240
255,255,255
255,255,255
255,255,255
255,255,255
208,208,208
21,21,24
36,36,39
35,35,38
35,35,38
35,35,38
35,35,38
35,35,38
35,35,38
27,27,30
169,169,171
255,255,255
255,255,255
255,255,255
255,255,255
255,255,255
255,255,255
255,255,255
255,255,255
255,255,255
255,255,255
255,255,255
238,238,238
61,61,63
241,241,241
255,255,255
255,255,255
255,255,255
255,255,255
255,255,255
255,255,255
194,194,194
28,28,32
25,25,28
35,35,38
35,35,38
35,35,38
23,23,26
28,28,31
186,186,188
255,255,255
255,255,255
255,255,255
255,255,255
255,255,255
255,255,255
255,255,255
255,255,255
255,255,255
255,255,255
255,255,255
255,255,255
255,255,255
244,244,244
255,255,255
255,255,255
255,255,255
255,255,255
255,255,255
255,255,255
255,255,255
255,255,255
240,240,240
173,173,174
103,103,105
89,89,91
110,110,111
184,184,185
240,240,241
255,255,255
255,255,255
255,255,255
255,255,255
255,255,255
255,255,255
255,255,255
255,255,255
255,255,255
255,255,255
255,255,255
255,255,255
255,255,255
255,255,255
255,255,255
255,255,255
255,255,255
255,255,255
255,255,255
255,255,255
255,255,255
255,255,255
255,255,255
255,255,255
255,255,255
255,255,255
255,255,255
255,255,255
255,255,255
255,255,255
255,255,255
255,255,255
255,255,255
255,255,255
255,255,255
255,255,255
255,255,255
255,255,255
255,255,255
255,255,255
255,255,255
255,255,255
255,255,255
255,255,255
255,255,255
255,255,255
255,255,255
255,255,255
255,255,255
255,255,255
255,255,255
255,255,255
255,255,255
255,255,255
255,255,255
255,255,255
255,255,255
255,255,255
255,255,255
255,255,255
255,255,255
255,255,255
255,255,255
255,255,255
255,255,255
255,255,255
255,255,255
255,255,255
255,255,255
255,255,255
255,255,255
255,255,255
255,255,255
255,255,255
255,255,255
255,255,255
255,255,255
255,255,255
255,255,255
255,255,255
255,255,255
255,255,255
255,255,255
255,255,255
255,255,255
255,255,255
255,255,255
255,255,255
255,255,255
255,255,255
255,255,255
255,255,255
255,255,255
255,255,255
255,255,255
255,255,255
255,255,255
255,255,255
255,255,255
255,255,255
255,255,255
255,255,255
255,255,255
255,255,255
255,255,255
255,255,255
255,255,255
255,255,255
255,255,255
255,255,255
255,255,255
255,255,255
255,255,255
255,255,255
255,255,255
255,255,255
255,255,255
255,255,255
255,255,255
255,255,255
255,255,255
255,255,255
255,255,255
255,255,255
255,255,255
255,255,255
255,255,255
255,255,255
255,255,255
255,255,255
255,255,255
255,255,255
255,255,255
255,255,255
255,255,255
255,255,255
255,255,255
255,255,255
255,255,255
255,255,255
255,255,255
255,255,255
255,255,255
255,255,255
255,255,255
255,255,255
255,255,255
255,255,255
255,255,255
255,255,255
255,255,255
255,255,255
255,255,255
255,255,255
255,255,255
255,255,255
255,255,255
255,255,255
255,255,255
255,255,255
255,255,255
255,255,255
255,255,255
255,255,255
255,255,255
255,255,255
255,255,255
255,255,255
255,255,255
255,255,255
255,255,255
255,255,255
255,255,255
255,255,255
255,255,255
255,255,255
255,255,255
255,255,255
255,255,255
255,255,255
255,255,255
255,255,255
255,255,255
255,255,255
255,255,255
255,255,255
255,255,255
255,255,255
255,255,255
255,255,255
255,255,255
255,255,255
255,255,255
255,255,255
255,255,255
255,255,255
255,255,255
255,255,255
255,255,255
255,255,255
255,255,255
255,255,255
255,255,255
255,255,255
255,255,255
255,255,255
255,255,255
255,255,255
255,255,255
255,255,255
255,255,255
255,255,255
255,255,255
255,255,255
255,255,255
255,255,255
255,255,255
255,255,255
255,255,255
255,255,255
255,255,255
255,255,255
255,255,255
255,255,255
255,255,255
255,255,255
255,255,255
255,255,255
255,255,255
255,255,255
255,255,255
255,255,255
255,255,255
255,255,255
255,255,255
255,255,255
255,255,255
255,255,255
255,255,255
255,255,255
255,255,255
255,255,255
255,255,255
255,255,255
255,255,255
255,255,255
255,255,255
255,255,255
255,255,255
255,255,255
255,255,255
255,255,255
255,255,255
255,255,255
255,255,255
255,255,255
255,255,255
255,255,255
255,255,255
255,255,255
255,255,255
255,255,255
255,255,255
255,255,255
255,255,255
255,255,255
255,255,255
255,255,255
255,255,255
255,255,255
255,255,255
255,255,255
255,255,255
255,255,255
255,255,255
255,255,255
255,255,255
255,255,255
255,255,255
255,255,255
255,255,255
255,255,255
255,255,255
255,255,255
255,255,255
255,255,255
255,255,255
255,255,255
255,255,255
255,255,255
255,255,255
255,255,255
255,255,255
255,255,255
255,255,255
255,255,255
255,255,255
255,255,255
255,255,255
255,255,255
255,255,255
255,255,255
255,255,255
255,255,255
255,255,255
255,255,255
255,255,255
255,255,255
255,255,255
255,255,255
255,255,255
255,255,255
255,255,255
255,255,255
255,255,255
255,255,255
255,255,255
255,255,255
255,255,255
255,255,255
255,255,255
255,255,255
255,255,255
255,255,255
255,255,255
255,255,255
255,255,255
255,255,255
255,255,255
255,255,255
255,255,255
255,255,255
255,255,255
255,255,255
255,255,255
255,255,255
255,255,255
255,255,255
255,255,255
255,255,255
255,255,255
255,255,255
255,255,255
255,255,255
255,255,255
255,255,255
255,255,255
255,255,255
255,255,255
255,255,255
255,255,255
255,255,255
255,255,255
255,255,255
255,255,255
255,255,255
255,255,255
255,255,255
255,255,255
255,255,255
255,255,255
255,255,255
255,255,255
255,255,255
255,255,255
255,255,255
255,255,255
255,255,255
255,255,255
255,255,255
255,255,255
255,255,255
255,255,255
255,255,255
255,255,255
255,255,255
255,255,255
255,255,255
255,255,255
255,255,255
255,255,255
255,255,255
255,255,255
255,255,255
255,255,255
255,255,255
255,255,255
255,255,255
255,255,255
255,255,255
255,255,255
255,255,255
255,255,255
255,255,255
255,255,255
255,255,255
255,255,255
255,255,255
255,255,255
255,255,255
255,255,255
255,255,255
255,255,255
255,255,255
