255,255,255
255,255,255
255,255,255
255,255,255
255,255,255
255,255,255
255,255,255
255,255,255
255,255,255
255,255,255
255,255,255
255,255,255
255,255,255
255,255,255
255,255,255
255,255,255
255,255,255
255,255,255
255,255,255
255,255,255
255,255,255
255,255,255
255,255,255
255,255,255
255,255,255
255,255,255
255,255,255
255,255,255
255,255,255
255,255,255
255,255,255
255,255,255
255,255,255
255,255,255
255,255,255
255,255,255
255,255,255
255,255,255
255,255,255
255,255,255
255,255,255
255,255,255
255,255,255
255,255,255
255,255,255
254,254,254
255,255,255
255,255,255
255,255,255
255,255,255
255,255,255
255,255,255
255,255,255
255,255,255
255,255,255
255,255,255
255,255,255
255,255,255
255,255,255
255,255,255
255,255,255
255,255,255
255,255,255
255,255,255
255,255,255
255,255,255
255,255,255
255,255,255
255,255,255
255,255,255
255,255,255
255,255,255
255,255,255
255,255,255
243,243,243
45,45,48
91,91,93
255,255,255
255,255,255
255,255,255
255,255,255
255,255,255
255,255,255
255,255,255
255,255,255
255,255,255
255,255,255
255,255,255
255,255,255
255,255,255
153,153,155
137,137,139
124,124,126
112,112,114
97,97,99
83,83,85
68,68,70
54,54,57
232,232,232
255,255,255
255,255,255
255,255,255
255,255,255
209,209,210
34,34,37
34,34,37
31,31,34
166,166,167
255,255,255
255,255,255
255,255,255
255,255,255
255,255,255
255,255,255
255,255,255
255,255,255
255,255,255
255,255,255
255,255,255
255,255,255
29,29,32
29,29,32
29,29,32
30,30,33
31,31,34
32,32,35
33,33,36
31,31,34
91,91,93
255,255,255
255,255,255
255,255,255
255,255,255
170,170,171
24,24,26
35,35,38
35,35,38
24,24,27
249,249,249
255,255,255
255,255,255
255,255,255
255,255,255
255,255,255
255,255,255
255,255,255
255,255,255
255,255,255
255,255,255
255,255,255
35,35,38
35,35,38
35,35,38
35,35,38
35,35,38
35,35,38
35,35,38
35,35,38
30,30,33
202,202,203
255,255,255
255,255,255
255,255,255
253,253,253
112,112,114
32,32,35
35,35,38
31,31,34
147,147,148
255,255,255
255,255,255
255,255,255
255,255,255
255,255,255
255,255,255
255,255,255
255,255,255
255,255,255
255,255,255
255,255,255
32,32,35
37,37,41
46,46,49
54,54,57
64,64,67
61,61,64
34,34,37
35,35,38
49,49,52
248,248,248
255,255,255
255,255,255
255,255,255
255,255,255
242,242,243
27,27,30
35,35,38
35,35,38
47,47,50
251,251,252
255,255,255
255,255,255
255,255,255
255,255,255
255,255,255
255,255,255
249,249,249
206,206,207
205,205,206
246,246,246
140,140,142
235,235,235
244,244,244
252,252,252
255,255,255
126,126,127
33,33,36
33,33,36
99,99,102
255,255,255
255,255,255
255,255,255
255,255,255
255,255,255
255,255,255
118,118,119
34,34,37
35,35,38
16,16,20
242,242,242
255,255,255
255,255,255
255,255,255
255,255,255
255,255,255
207,207,207
53,53,56
26,26,29
26,26,28
55,55,58
147,147,149
255,255,255
255,255,255
255,255,255
255,255,255
69,69,72
35,35,38
28,28,31
139,139,141
255,255,255
255,255,255
255,255,255
255,255,255
255,255,255
255,255,255
216,216,216
32,32,35
35,35,38
24,24,27
230,230,230
255,255,255
255,255,255
255,255,255
255,255,255
248,248,248
48,48,51
33,33,36
35,35,38
35,35,38
34,34,37
147,147,149
255,255,255
255,255,255
255,255,255
255,255,255
47,47,50
35,35,38
25,25,28
167,167,168
255,255,255
255,255,255
255,255,255
255,255,255
255,255,255
255,255,255
232,232,232
25,25,29
35,35,38
30,30,33
213,213,213
255,255,255
255,255,255
255,255,255
255,255,255
198,198,199
25,25,28
35,35,38
35,35,38
35,35,38
35,35,38
147,147,149
255,255,255
255,255,255
255,255,255
254,254,254
46,46,48
35,35,38
29,29,32
136,136,138
255,255,255
255,255,255
255,255,255
255,255,255
255,255,255
255,255,255
220,220,221
31,31,34
35,35,38
28,28,31
218,218,219
255,255,255
255,255,255
255,255,255
255,255,255
205,205,206
26,26,29
35,35,38
35,35,38
35,35,38
35,35,38
147,147,149
255,255,255
255,255,255
255,255,255
255,255,255
60,60,63
35,35,38
34,34,37
82,82,84
255,255,255
255,255,255
255,255,255
255,255,255
255,255,255
255,255,255
151,151,152
34,34,37
35,35,38
21,21,24
235,235,235
255,255,255
255,255,255
255,255,255
255,255,255
252,252,252
70,70,72
31,31,34
35,35,38
35,35,38
32,32,35
147,147,149
255,255,255
255,255,255
255,255,255
255,255,255
92,92,95
35,35,38
35,35,38
32,32,35
196,196,197
255,255,255
255,255,255
255,255,255
255,255,255
235,235,236
27,27,30
35,35,38
35,35,38
20,20,23
249,249,249
255,255,255
255,255,255
255,255,255
255,255,255
255,255,255
233,233,233
91,91,93
36,36,38
36,36,39
89,89,91
147,147,149
255,255,255
255,255,255
255,255,255
255,255,255
161,161,162
28,28,31
35,35,38
35,35,38
32,32,36
174,174,175
230,230,230
226,226,227
193,193,194
43,43,46
35,35,38
35,35,38
33,33,36
125,125,127
255,255,255
255,255,255
255,255,255
255,255,255
255,255,255
255,255,255
255,255,255
255,255,255
246,246,246
246,246,246
255,255,255
147,147,149
255,255,255
255,255,255
255,255,255
255,255,255
241,241,241
43,43,46
35,35,38
35,35,38
35,35,38
23,23,27
34,34,37
31,31,34
19,19,22
36,36,39
35,35,38
35,35,38
21,21,24
247,247,248
255,255,255
255,255,255
255,255,255
255,255,255
255,255,255
255,255,255
255,255,255
255,255,255
255,255,255
255,255,255
255,255,255
147,147,148
255,255,255
255,255,255
255,255,255
255,255,255
255,255,255
183,183,184
28,28,31
34,34,37
35,35,38
35,35,38
35,35,38
35,35,38
35,35,38
35,35,38
34,34,37
30,30,33
195,195,196
255,255,255
255,255,255
255,255,255
255,255,255
255,255,255
255,255,255
255,255,255
255,255,255
255,255,255
255,255,255
255,255,255
255,255,255
162,162,163
255,255,255
255,255,255
255,255,255
255,255,255
255,255,255
255,255,255
188,188,189
40,40,43
28,28,31
32,32,34
33,33,36
33,33,36
31,31,34
28,28,31
45,45,47
203,203,204
255,255,255
255,255,255
255,255,255
255,255,255
255,255,255
255,255,255
255,255,255
255,255,255
255,255,255
255,255,255
255,255,255
255,255,255
255,255,255
255,255,255
255,255,255
255,255,255
255,255,255
255,255,255
255,255,255
255,255,255
255,255,255
250,250,250
168,168,170
98,98,100
69,69,72
74,74,77
106,106,109
183,183,184
255,255,255
255,255,255
255,255,255
255,255,255
255,255,255
255,255,255
255,255,255
255,255,255
255,255,255
255,255,255
255,255,255
255,255,255
255,255,255
255,255,255
255,255,255
255,255,255
255,255,255
255,255,255
255,255,255
255,255,255
255,255,255
255,255,255
255,255,255
255,255,255
255,255,255
255,255,255
255,255,255
255,255,255
255,255,255
255,255,255
255,255,255
255,255,255
255,255,255
255,255,255
255,255,255
255,255,255
255,255,255
255,255,255
255,255,255
255,255,255
255,255,255
255,255,255
255,255,255
255,255,255
255,255,255
255,255,255
255,255,255
255,255,255
255,255,255
255,255,255
255,255,255
255,255,255
255,255,255
255,255,255
255,255,255
255,255,255
255,255,255
255,255,255
255,255,255
255,255,255
255,255,255
255,255,255
255,255,255
255,255,255
255,255,255
255,255,255
255,255,255
255,255,255
255,255,255
255,255,255
255,255,255
255,255,255
255,255,255
255,255,255
255,255,255
255,255,255
255,255,255
255,255,255
255,255,255
255,255,255
255,255,255
255,255,255
255,255,255
255,255,255
255,255,255
255,255,255
255,255,255
255,255,255
255,255,255
255,255,255
255,255,255
255,255,255
255,255,255
255,255,255
255,255,255
255,255,255
255,255,255
255,255,255
255,255,255
255,255,255
255,255,255
255,255,255
255,255,255
255,255,255
255,255,255
255,255,255
255,255,255
255,255,255
255,255,255
255,255,255
255,255,255
255,255,255
255,255,255
255,255,255
255,255,255
255,255,255
255,255,255
255,255,255
255,255,255
255,255,255
255,255,255
255,255,255
255,255,255
255,255,255
255,255,255
255,255,255
255,255,255
255,255,255
255,255,255
255,255,255
255,255,255
255,255,255
255,255,255
255,255,255
255,255,255
255,255,255
255,255,255
255,255,255
255,255,255
255,255,255
255,255,255
255,255,255
255,255,255
255,255,255
255,255,255
255,255,255
255,255,255
255,255,255
255,255,255
255,255,255
255,255,255
255,255,255
255,255,255
255,255,255
255,255,255
255,255,255
255,255,255
255,255,255
255,255,255
255,255,255
255,255,255
255,255,255
255,255,255
255,255,255
255,255,255
255,255,255
255,255,255
255,255,255
255,255,255
255,255,255
255,255,255
255,255,255
255,255,255
255,255,255
255,255,255
255,255,255
255,255,255
255,255,255
255,255,255
255,255,255
255,255,255
255,255,255
255,255,255
255,255,255
255,255,255
255,255,255
255,255,255
255,255,255
255,255,255
255,255,255
255,255,255
255,255,255
255,255,255
255,255,255
255,255,255
255,255,255
255,255,255
255,255,255
255,255,255
255,255,255
255,255,255
255,255,255
255,255,255
255,255,255
255,255,255
255,255,255
255,255,255
255,255,255
255,255,255
255,255,255
255,255,255
255,255,255
255,255,255
255,255,255
255,255,255
255,255,255
255,255,255
255,255,255
255,255,255
255,255,255
255,255,255
255,255,255
255,255,255
255,255,255
255,255,255
255,255,255
255,255,255
255,255,255
255,255,255
255,255,255
255,255,255
255,255,255
255,255,255
255,255,255
255,255,255
255,255,255
255,255,255
255,255,255
255,255,255
255,255,255
255,255,255
255,255,255
255,255,255
255,255,255
255,255,255
255,255,255
255,255,255
255,255,255
255,255,255
255,255,255
255,255,255
255,255,255
255,255,255
255,255,255
255,255,255
255,255,255
255,255,255
255,255,255
255,255,255
255,255,255
255,255,255
255,255,255
255,255,255
255,255,255
255,255,255
255,255,255
255,255,255
255,255,255
255,255,255
255,255,255
255,255,255
255,255,255
255,255,255
255,255,255
255,255,255
255,255,255
255,255,255
255,255,255
255,255,255
255,255,255
255,255,255
255,255,255
255,255,255
255,255,255
255,255,255
255,255,255
255,255,255
255,255,255
255,255,255
255,255,255
255,255,255
255,255,255
255,255,255
255,255,255
255,255,255
255,255,255
255,255,255
255,255,255
255,255,255
255,255,255
255,255,255
255,255,255
255,255,255
255,255,255
255,255,255
255,255,255
255,255,255
255,255,255
255,255,255
255,255,255
255,255,255
255,255,255
255,255,255
255,255,255
255,255,255
255,255,255
255,255,255
255,255,255
255,255,255
255,255,255
255,255,255
255,255,255
255,255,255
255,255,255
255,255,255
255,255,255
255,255,255
255,255,255
255,255,255
255,255,255
255,255,255
255,255,255
255,255,255
255,255,255
255,255,255
255,255,255
255,255,255
255,255,255
255,255,255
255,255,255
255,255,255
255,255,255
255,255,255
255,255,255
255,255,255
255,255,255
255,255,255
255,255,255
255,255,255
255,255,255
255,255,255
255,255,255
255,255,255
255,255,255
255,255,255
255,255,255
255,255,255
255,255,255
255,255,255
255,255,255
255,255,255
255,255,255
255,255,255
255,255,255
255,255,255
255,255,255
255,255,255
255,255,255
255,255,255
255,255,255
255,255,255
255,255,255
255,255,255
255,255,255
255,255,255
