255,255,255
255,255,255
255,255,255
255,255,255
255,255,255
255,255,255
255,255,255
255,255,255
255,255,255
255,255,255
255,255,255
255,255,255
255,255,255
255,255,255
255,255,255
255,255,255
255,255,255
255,255,255
255,255,255
255,255,255
255,255,255
255,255,255
255,255,255
255,255,255
255,255,255
255,255,255
255,255,255
255,255,255
255,255,255
255,255,255
255,255,255
255,255,255
255,255,255
250,234,234
238,193,193
227,152,152
219,124,124
216,113,113
214,103,103
214,105,105
216,114,114
221,131,131
232,172,172
245,216,216
255,255,255
255,255,255
255,255,255
255,255,255
255,255,255
255,255,255
255,255,255
255,255,255
255,255,255
255,255,255
255,255,255
255,255,255
255,255,255
255,255,255
255,255,255
255,255,255
255,255,255
243,209,209
217,116,116
205,70,70
203,66,66
205,72,72
205,73,73
205,73,73
205,73,73
205,73,73
205,73,73
205,73,73
204,69,69
202,62,62
212,96,96
239,194,194
255,255,255
255,255,255
255,255,255
255,255,255
255,255,255
255,255,255
255,255,255
255,255,255
255,255,255
255,255,255
255,255,255
255,255,255
255,255,255
254,249,249
222,132,132
203,66,66
205,71,71
205,73,73
205,73,73
205,73,73
205,73,73
205,73,73
205,73,73
205,73,73
205,73,73
205,73,73
205,73,73
205,73,73
205,73,73
202,61,61
223,137,137
255,255,255
255,255,255
255,255,255
255,255,255
255,255,255
255,255,255
255,255,255
255,255,255
255,255,255
255,255,255
255,255,255
253,247,247
220,128,128
204,71,71
205,73,73
205,73,73
205,73,73
204,69,69
204,70,70
205,72,72
205,73,73
205,73,73
205,73,73
204,71,71
204,70,70
205,70,70
204,70,70
205,73,73
205,73,73
204,71,71
224,141,141
255,254,254
255,255,255
255,255,255
255,255,255
255,255,255
255,255,255
255,255,255
255,255,255
255,255,255
251,241,241
216,113,113
204,69,69
205,73,73
205,73,73
203,67,67
208,82,82
224,139,139
233,174,174
236,185,185
205,74,74
205,73,73
203,67,67
219,123,123
235,181,181
240,198,198
225,144,144
203,66,66
205,73,73
205,73,73
201,57,57
247,226,226
255,255,255
255,255,255
255,255,255
255,255,255
255,255,255
255,255,255
255,255,255
250,238,238
212,98,98
204,69,69
205,73,73
205,73,73
204,69,69
231,167,167
254,251,251
255,255,255
253,248,248
210,90,90
205,73,73
204,70,70
235,180,180
255,255,255
255,255,255
255,255,255
255,255,255
244,214,214
203,65,65
205,73,73
205,74,74
213,101,101
255,253,253
255,255,255
255,255,255
255,255,255
255,255,255
255,255,255
249,234,234
210,88,88
205,72,72
205,73,73
205,73,73
203,65,65
241,203,203
255,255,255
255,255,255
255,255,255
233,176,176
203,66,66
205,72,72
217,117,117
255,255,255
255,255,255
255,255,255
255,255,255
255,255,255
255,255,255
229,158,158
205,72,72
205,73,73
200,55,55
253,247,247
255,255,255
255,255,255
255,255,255
255,255,255
248,228,228
206,76,76
205,72,72
205,73,73
205,73,73
205,73,73
222,132,132
255,255,255
255,255,255
255,255,255
255,255,255
215,111,111
205,73,73
203,64,64
236,185,185
255,255,255
255,255,255
255,255,255
255,255,255
255,255,255
255,255,255
251,239,239
202,65,65
205,73,73
203,65,65
249,233,233
255,255,255
255,255,255
255,255,255
255,255,255
209,85,85
205,73,73
205,73,73
205,73,73
205,73,73
205,73,73
241,204,204
255,255,255
255,255,255
255,255,255
255,255,255
210,88,88
205,73,73
202,64,64
244,212,212
255,255,255
255,255,255
255,255,255
255,255,255
255,255,255
255,255,255
253,248,248
201,57,57
205,73,73
204,69,69
246,220,220
255,255,255
255,255,255
255,255,255
255,255,255
252,242,242
209,85,85
204,71,71
205,73,73
205,73,73
205,73,73
247,220,220
255,255,255
255,255,255
255,255,255
255,253,253
206,76,76
205,73,73
202,62,62
240,198,198
255,255,255
255,255,255
255,255,255
255,255,255
255,255,255
255,255,255
253,246,246
201,61,61
205,73,73
204,68,68
246,223,223
255,255,255
255,255,255
255,255,255
255,255,255
255,255,255
254,249,249
211,97,97
205,71,71
205,73,73
205,73,73
241,202,202
255,255,255
255,255,255
255,255,255
255,255,255
209,86,86
205,73,73
203,67,67
230,162,162
255,255,255
255,255,255
255,255,255
255,255,255
255,255,255
255,255,255
249,229,229
204,68,68
205,73,73
202,63,63
251,237,237
255,255,255
255,255,255
255,255,255
255,255,255
255,255,255
255,255,255
255,255,255
215,105,105
203,68,68
205,73,73
225,144,144
255,255,255
255,255,255
255,255,255
255,255,255
216,113,113
205,73,73
205,73,73
207,80,80
254,251,251
255,255,255
255,255,255
255,255,255
255,255,255
254,253,253
209,87,87
205,73,73
205,73,73
201,57,57
254,249,249
255,255,255
255,255,255
255,255,255
255,255,255
255,255,255
255,255,255
255,255,255
255,255,255
219,123,123
204,69,69
204,67,67
250,235,235
255,255,255
255,255,255
255,255,255
231,165,165
204,69,69
205,73,73
205,72,72
208,82,82
250,234,234
255,255,255
255,255,255
253,244,244
213,101,101
204,70,70
205,73,73
205,72,72
225,142,142
255,255,255
255,255,255
255,255,255
255,255,255
255,255,255
255,255,255
255,255,255
255,255,255
255,255,255
255,254,254
224,142,142
205,71,71
218,119,119
255,253,253
255,255,255
255,255,255
251,241,241
205,71,71
205,73,73
205,73,73
205,72,72
204,70,70
203,68,68
204,68,68
204,69,69
205,72,72
205,73,73
205,73,73
201,56,56
253,246,246
255,255,255
255,255,255
255,255,255
255,255,255
255,255,255
255,255,255
255,255,255
255,255,255
255,255,255
255,255,255
255,253,253
201,60,60
225,147,147
254,250,250
255,255,255
255,255,255
255,255,255
236,184,184
202,60,60
205,73,73
205,73,73
205,73,73
205,73,73
205,73,73
205,73,73
205,73,73
205,74,74
202,62,62
243,206,206
255,255,255
255,255,255
255,255,255
255,255,255
255,255,255
255,255,255
255,255,255
255,255,255
255,255,255
255,255,255
255,255,255
255,255,255
245,216,216
255,254,254
255,255,255
255,255,255
255,255,255
255,255,255
255,254,254
235,178,178
201,61,61
205,74,74
205,73,73
205,73,73
205,73,73
205,73,73
205,73,73
202,60,60
242,204,204
255,255,255
255,255,255
255,255,255
255,255,255
255,255,255
255,255,255
255,255,255
255,255,255
255,255,255
255,255,255
255,255,255
255,255,255
255,255,255
255,255,255
255,255,255
255,255,255
255,255,255
255,255,255
255,255,255
255,255,255
255,255,255
248,228,228
227,150,150
208,83,83
206,76,76
206,78,78
210,92,92
232,171,171
251,241,241
255,255,255
255,255,255
255,255,255
255,255,255
255,255,255
255,255,255
255,255,255
255,255,255
255,255,255
255,255,255
255,255,255
255,255,255
255,255,255
255,255,255
255,255,255
255,255,255
255,255,255
255,255,255
255,255,255
255,255,255
255,255,255
255,255,255
255,255,255
255,255,255
254,252,252
252,243,243
252,245,245
255,253,253
255,255,255
255,255,255
255,255,255
255,255,255
255,255,255
255,255,255
255,255,255
255,255,255
255,255,255
255,255,255
255,255,255
255,255,255
255,255,255
255,255,255
255,255,255
255,255,255
255,255,255
255,255,255
255,255,255
255,255,255
255,255,255
255,255,255
255,255,255
255,255,255
255,255,255
255,255,255
255,255,255
255,255,255
255,255,255
255,255,255
255,255,255
255,255,255
255,255,255
255,255,255
255,255,255
255,255,255
255,255,255
255,255,255
255,255,255
255,255,255
255,255,255
255,255,255
255,255,255
255,255,255
255,255,255
255,255,255
255,255,255
255,255,255
255,255,255
255,255,255
255,255,255
255,255,255
255,255,255
255,255,255
255,255,255
255,255,255
255,255,255
255,255,255
255,255,255
255,255,255
255,255,255
255,255,255
255,255,255
255,255,255
255,255,255
255,255,255
255,255,255
255,255,255
255,255,255
255,255,255
255,255,255
255,255,255
255,255,255
255,255,255
255,255,255
255,255,255
255,255,255
255,255,255
255,255,255
255,255,255
255,255,255
255,255,255
255,255,255
255,255,255
255,255,255
255,255,255
255,255,255
255,255,255
255,255,255
255,255,255
255,255,255
255,255,255
255,255,255
255,255,255
255,255,255
255,255,255
255,255,255
255,255,255
255,255,255
255,255,255
255,255,255
255,255,255
255,255,255
255,255,255
255,255,255
255,255,255
255,255,255
255,255,255
255,255,255
255,255,255
255,255,255
255,255,255
255,255,255
255,255,255
255,255,255
255,255,255
255,255,255
255,255,255
255,255,255
255,255,255
255,255,255
255,255,255
255,255,255
255,255,255
255,255,255
255,255,255
255,255,255
255,255,255
255,255,255
255,255,255
255,255,255
255,255,255
255,255,255
255,255,255
255,255,255
255,255,255
255,255,255
255,255,255
255,255,255
255,255,255
255,255,255
255,255,255
255,255,255
255,255,255
255,255,255
255,255,255
255,255,255
255,255,255
255,255,255
255,255,255
255,255,255
255,255,255
255,255,255
255,255,255
255,255,255
255,255,255
255,255,255
255,255,255
255,255,255
255,255,255
255,255,255
255,255,255
255,255,255
255,255,255
255,255,255
255,255,255
255,255,255
255,255,255
255,255,255
255,255,255
255,255,255
255,255,255
255,255,255
255,255,255
255,255,255
255,255,255
255,255,255
255,255,255
255,255,255
255,255,255
255,255,255
255,255,255
255,255,255
255,255,255
255,255,255
255,255,255
255,255,255
255,255,255
255,255,255
255,255,255
255,255,255
255,255,255
255,255,255
255,255,255
255,255,255
255,255,255
255,255,255
255,255,255
255,255,255
255,255,255
255,255,255
255,255,255
255,255,255
255,255,255
255,255,255
255,255,255
255,255,255
255,255,255
255,255,255
255,255,255
255,255,255
255,255,255
255,255,255
255,255,255
255,255,255
255,255,255
255,255,255
255,255,255
255,255,255
255,255,255
255,255,255
255,255,255
255,255,255
255,255,255
255,255,255
255,255,255
255,255,255
255,255,255
255,255,255
255,255,255
255,255,255
255,255,255
255,255,255
255,255,255
255,255,255
255,255,255
255,255,255
255,255,255
255,255,255
255,255,255
255,255,255
255,255,255
255,255,255
255,255,255
255,255,255
255,255,255
255,255,255
255,255,255
255,255,255
255,255,255
255,255,255
255,255,255
255,255,255
255,255,255
255,255,255
255,255,255
255,255,255
255,255,255
255,255,255
255,255,255
255,255,255
255,255,255
255,255,255
255,255,255
255,255,255
255,255,255
255,255,255
255,255,255
255,255,255
255,255,255
255,255,255
255,255,255
255,255,255
255,255,255
255,255,255
255,255,255
255,255,255
255,255,255
255,255,255
255,255,255
255,255,255
255,255,255
255,255,255
255,255,255
255,255,255
255,255,255
255,255,255
255,255,255
255,255,255
255,255,255
255,255,255
255,255,255
255,255,255
255,255,255
255,255,255
255,255,255
255,255,255
255,255,255
255,255,255
255,255,255
255,255,255
255,255,255
255,255,255
255,255,255
255,255,255
255,255,255
255,255,255
255,255,255
255,255,255
255,255,255
255,255,255
255,255,255
255,255,255
255,255,255
255,255,255
255,255,255
255,255,255
255,255,255
255,255,255
255,255,255
255,255,255
255,255,255
255,255,255
255,255,255
255,255,255
255,255,255
255,255,255
255,255,255
255,255,255
255,255,255
255,255,255
255,255,255
255,255,255
255,255,255
255,255,255
255,255,255
255,255,255
255,255,255
255,255,255
255,255,255
255,255,255
255,255,255
255,255,255
255,255,255
255,255,255
255,255,255
