255,255,255
255,255,255
255,255,255
255,255,255
255,255,255
255,255,255
255,255,255
255,255,255
255,255,255
255,255,255
255,255,255
255,255,255
255,255,255
255,255,255
255,255,255
255,255,255
255,255,255
255,255,255
255,255,255
255,255,255
255,255,255
255,255,255
255,255,255
255,255,255
255,255,255
255,255,255
255,255,255
255,255,255
255,255,255
255,255,255
255,255,255
255,255,255
255,254,254
255,255,255
255,255,255
255,255,255
255,255,255
255,255,255
255,255,255
255,255,255
250,236,236
229,158,158
221,130,130
220,127,127
229,160,160
252,242,242
255,255,255
255,255,255
255,255,255
255,255,255
255,255,255
255,255,255
255,255,255
255,255,255
255,255,255
255,255,255
255,255,255
255,255,255
255,255,255
255,255,255
234,178,178
213,102,102
210,89,89
211,94,94
220,126,126
246,222,222
255,255,255
255,255,255
255,255,255
233,173,173
206,76,76
204,69,69
204,70,70
204,70,70
204,70,70
205,72,72
234,177,177
255,255,255
255,255,255
255,255,255
255,255,255
255,255,255
255,255,255
255,255,255
255,255,255
255,255,255
255,255,255
255,255,255
255,255,255
255,255,255
202,64,64
205,73,73
205,73,73
205,73,73
204,70,70
204,66,66
237,187,187
255,255,255
236,186,186
202,64,64
205,73,73
205,73,73
205,73,73
205,73,73
205,73,73
205,73,73
202,63,63
238,190,190
255,255,255
255,255,255
255,255,255
255,255,255
255,255,255
255,255,255
255,255,255
255,255,255
255,255,255
255,255,255
255,255,255
239,196,196
205,73,73
205,73,73
205,73,73
205,73,73
205,73,73
205,73,73
205,73,73
245,216,216
207,81,81
205,73,73
205,73,73
203,67,67
204,69,69
202,63,63
205,72,72
205,73,73
205,73,73
202,63,63
253,246,246
255,255,255
255,255,255
255,255,255
255,255,255
255,255,255
255,255,255
255,255,255
255,255,255
255,255,255
235,183,183
204,69,69
205,73,73
203,68,68
212,98,98
214,106,106
205,72,72
204,71,71
205,72,72
206,75,75
204,70,70
205,73,73
206,76,76
237,190,190
250,235,235
245,218,218
218,118,118
204,69,69
205,73,73
204,70,70
230,163,163
255,255,255
255,255,255
255,255,255
255,255,255
255,255,255
255,255,255
255,255,255
255,255,255
231,165,165
203,67,67
205,74,74
204,69,69
238,192,192
255,255,255
255,255,255
247,227,227
211,96,96
205,73,73
205,73,73
205,73,73
203,68,68
241,201,201
255,255,255
255,255,255
255,255,255
254,251,251
210,91,91
205,73,73
205,73,73
206,76,76
254,252,252
255,255,255
255,255,255
255,255,255
255,255,255
255,255,255
255,255,255
227,153,153
203,67,67
205,73,73
205,73,73
230,162,162
255,255,255
255,255,255
255,255,255
255,255,255
246,219,219
204,69,69
205,73,73
204,72,72
214,104,104
255,255,255
255,255,255
255,255,255
255,255,255
255,255,255
244,216,216
204,69,69
205,73,73
200,56,56
252,246,246
255,255,255
255,255,255
255,255,255
255,255,255
254,253,253
223,137,137
203,67,67
205,73,73
205,73,73
205,73,73
248,228,228
255,255,255
255,255,255
255,255,255
255,255,255
255,255,255
212,99,99
205,73,73
204,69,69
226,148,148
255,255,255
255,255,255
255,255,255
255,255,255
255,255,255
253,246,246
202,61,61
205,73,73
202,64,64
251,236,236
255,255,255
255,255,255
255,255,255
255,255,255
219,124,124
204,68,68
205,73,73
205,73,73
205,73,73
205,73,73
250,237,237
255,255,255
255,255,255
255,255,255
255,255,255
255,255,255
219,124,124
204,71,71
204,69,69
232,170,170
255,255,255
255,255,255
255,255,255
255,255,255
255,255,255
254,249,249
200,56,56
205,73,73
203,66,66
248,229,229
255,255,255
255,255,255
255,255,255
255,255,255
232,171,171
204,68,68
205,73,73
205,73,73
205,73,73
205,73,73
249,231,231
255,255,255
255,255,255
255,255,255
255,255,255
255,255,255
214,105,105
205,73,73
204,69,69
228,154,154
255,255,255
255,255,255
255,255,255
255,255,255
255,255,255
253,247,247
201,59,59
205,73,73
203,65,65
249,234,234
255,255,255
255,255,255
255,255,255
255,255,255
255,255,255
236,186,186
205,70,70
205,73,73
205,73,73
205,73,73
237,188,188
255,255,255
255,255,255
255,255,255
255,255,255
250,237,237
206,76,76
205,73,73
204,70,70
219,120,120
255,255,255
255,255,255
255,255,255
255,255,255
255,255,255
249,233,233
203,67,67
205,73,73
201,59,59
252,243,243
255,255,255
255,255,255
255,255,255
255,255,255
255,255,255
255,255,255
241,203,203
204,71,71
205,72,72
205,73,73
206,78,78
248,230,230
255,255,255
255,255,255
253,248,248
221,131,131
204,71,71
205,73,73
205,73,73
204,69,69
249,234,234
255,255,255
255,255,255
255,255,255
255,254,254
219,123,123
205,73,73
205,73,73
202,60,60
254,250,250
255,255,255
255,255,255
255,255,255
255,255,255
255,255,255
255,255,255
255,255,255
244,215,215
206,75,75
205,73,73
205,74,74
204,67,67
223,136,136
226,149,149
208,85,85
204,69,69
205,73,73
204,70,70
205,73,73
205,72,72
209,87,87
251,239,239
254,253,253
253,246,246
232,170,170
203,64,64
205,73,73
205,73,73
223,137,137
255,255,255
255,255,255
255,255,255
255,255,255
255,255,255
255,255,255
255,255,255
255,255,255
255,255,255
248,226,226
206,78,78
205,73,73
205,73,73
204,71,71
204,70,70
205,73,73
205,73,73
203,67,67
235,178,178
204,67,67
205,73,73
205,72,72
203,66,66
208,80,80
205,71,71
203,67,67
205,73,73
205,73,73
200,57,57
250,236,236
255,255,255
255,255,255
255,255,255
255,255,255
255,255,255
255,255,255
255,255,255
255,255,255
255,255,255
255,255,255
250,235,235
205,71,71
205,73,73
205,73,73
205,73,73
205,73,73
203,65,65
226,147,147
255,255,255
230,164,164
202,65,65
205,73,73
205,73,73
205,73,73
205,73,73
205,73,73
205,73,73
205,71,71
224,140,140
255,255,255
255,255,255
255,255,255
255,255,255
255,255,255
255,255,255
255,255,255
255,255,255
255,255,255
255,255,255
255,255,255
255,255,255
217,114,114
200,55,55
201,57,57
199,51,51
204,70,70
236,183,183
255,255,255
255,255,255
255,255,255
223,133,133
202,62,62
205,74,74
205,73,73
205,73,73
205,73,73
202,62,62
217,115,115
255,255,255
255,255,255
255,255,255
255,255,255
255,255,255
255,255,255
255,255,255
255,255,255
255,255,255
255,255,255
255,255,255
255,255,255
255,255,255
255,255,255
254,252,252
253,246,246
254,252,252
255,253,253
255,255,255
255,255,255
255,255,255
255,255,255
255,254,254
243,212,212
212,98,98
202,64,64
202,63,63
214,104,104
244,213,213
255,255,255
255,255,255
255,255,255
255,255,255
255,255,255
255,255,255
255,255,255
255,255,255
255,255,255
255,255,255
255,255,255
255,255,255
255,255,255
255,255,255
255,255,255
255,255,255
255,255,255
255,255,255
255,255,255
255,255,255
255,255,255
255,255,255
255,255,255
255,255,255
255,255,255
255,254,254
254,252,252
254,252,252
255,254,254
255,255,255
255,255,255
255,255,255
255,255,255
255,255,255
255,255,255
255,255,255
255,255,255
255,255,255
255,255,255
255,255,255
255,255,255
255,255,255
255,255,255
255,255,255
255,255,255
255,255,255
255,255,255
255,255,255
255,255,255
255,255,255
255,255,255
255,255,255
255,255,255
255,255,255
255,255,255
255,255,255
255,255,255
255,255,255
255,255,255
255,255,255
255,255,255
255,255,255
255,255,255
255,255,255
255,255,255
255,255,255
255,255,255
255,255,255
255,255,255
255,255,255
255,255,255
255,255,255
255,255,255
255,255,255
255,255,255
255,255,255
255,255,255
255,255,255
255,255,255
255,255,255
255,255,255
255,255,255
255,255,255
255,255,255
255,255,255
255,255,255
255,255,255
255,255,255
255,255,255
255,255,255
255,255,255
255,255,255
255,255,255
255,255,255
255,255,255
255,255,255
255,255,255
255,255,255
255,255,255
255,255,255
255,255,255
255,255,255
255,255,255
255,255,255
255,255,255
255,255,255
255,255,255
255,255,255
255,255,255
255,255,255
255,255,255
255,255,255
255,255,255
255,255,255
255,255,255
255,255,255
255,255,255
255,255,255
255,255,255
255,255,255
255,255,255
255,255,255
255,255,255
255,255,255
255,255,255
255,255,255
255,255,255
255,255,255
255,255,255
255,255,255
255,255,255
255,255,255
255,255,255
255,255,255
255,255,255
255,255,255
255,255,255
255,255,255
255,255,255
255,255,255
255,255,255
255,255,255
255,255,255
255,255,255
255,255,255
255,255,255
255,255,255
255,255,255
255,255,255
255,255,255
255,255,255
255,255,255
255,255,255
255,255,255
255,255,255
255,255,255
255,255,255
255,255,255
255,255,255
255,255,255
255,255,255
255,255,255
255,255,255
255,255,255
255,255,255
255,255,255
255,255,255
255,255,255
255,255,255
255,255,255
255,255,255
255,255,255
255,255,255
255,255,255
255,255,255
255,255,255
255,255,255
255,255,255
255,255,255
255,255,255
255,255,255
255,255,255
255,255,255
255,255,255
255,255,255
255,255,255
255,255,255
255,255,255
255,255,255
255,255,255
255,255,255
255,255,255
255,255,255
255,255,255
255,255,255
255,255,255
255,255,255
255,255,255
255,255,255
255,255,255
255,255,255
255,255,255
255,255,255
255,255,255
255,255,255
255,255,255
255,255,255
255,255,255
255,255,255
255,255,255
255,255,255
255,255,255
255,255,255
255,255,255
255,255,255
255,255,255
255,255,255
255,255,255
255,255,255
255,255,255
255,255,255
255,255,255
255,255,255
255,255,255
255,255,255
255,255,255
255,255,255
255,255,255
255,255,255
255,255,255
255,255,255
255,255,255
255,255,255
255,255,255
255,255,255
255,255,255
255,255,255
255,255,255
255,255,255
255,255,255
255,255,255
255,255,255
255,255,255
255,255,255
255,255,255
255,255,255
255,255,255
255,255,255
255,255,255
255,255,255
255,255,255
255,255,255
255,255,255
255,255,255
255,255,255
255,255,255
255,255,255
255,255,255
255,255,255
255,255,255
255,255,255
255,255,255
255,255,255
255,255,255
255,255,255
255,255,255
255,255,255
255,255,255
255,255,255
255,255,255
255,255,255
255,255,255
255,255,255
255,255,255
255,255,255
255,255,255
255,255,255
255,255,255
255,255,255
255,255,255
255,255,255
255,255,255
255,255,255
255,255,255
255,255,255
255,255,255
255,255,255
255,255,255
255,255,255
255,255,255
255,255,255
255,255,255
255,255,255
255,255,255
255,255,255
255,255,255
255,255,255
255,255,255
255,255,255
255,255,255
255,255,255
255,255,255
255,255,255
255,255,255
255,255,255
255,255,255
255,255,255
255,255,255
255,255,255
255,255,255
255,255,255
255,255,255
255,255,255
255,255,255
255,255,255
255,255,255
255,255,255
255,255,255
255,255,255
255,255,255
255,255,255
255,255,255
255,255,255
255,255,255
255,255,255
255,255,255
255,255,255
255,255,255
255,255,255
255,255,255
255,255,255
255,255,255
255,255,255
255,255,255
255,255,255
255,255,255
255,255,255
255,255,255
255,255,255
255,255,255
255,255,255
255,255,255
255,255,255
255,255,255
255,255,255
255,255,255
255,255,255
255,255,255
255,255,255
255,255,255
255,255,255
255,255,255
255,255,255
255,255,255
255,255,255
255,255,255
255,255,255
255,255,255
255,255,255
255,255,255
255,255,255
255,255,255
255,255,255
255,255,255
255,255,255
255,255,255
255,255,255
255,255,255
255,255,255
255,255,255
255,255,255
255,255,255
255,255,255
255,255,255
