255,255,255
255,255,255
255,255,255
255,255,255
255,255,255
255,255,255
255,255,255
255,255,255
255,255,255
255,255,255
255,255,255
255,255,255
255,255,255
255,255,255
255,255,255
255,255,255
255,255,255
255,255,255
255,255,255
255,255,255
255,255,255
255,255,255
255,255,255
255,255,255
255,255,255
255,255,255
255,255,255
255,255,255
255,255,255
255,255,255
255,255,255
255,255,255
230,230,231
196,196,197
181,181,182
204,204,205
245,245,245
255,255,255
255,255,255
255,255,255
255,255,255
255,255,255
255,255,255
255,255,255
255,255,255
255,255,255
255,255,255
255,255,255
255,255,255
255,255,255
255,255,255
255,255,255
255,255,255
255,255,255
255,255,255
255,255,255
255,255,255
255,255,255
255,255,255
255,255,255
182,182,183
67,67,70
35,35,38
31,31,34
32,32,35
31,31,34
43,43,46
103,103,105
231,231,231
255,255,255
255,255,255
255,255,255
255,255,255
255,255,255
255,255,255
246,246,246
80,80,82
253,253,253
255,255,255
255,255,255
255,255,255
255,255,255
255,255,255
255,255,255
255,255,255
255,255,255
255,255,255
255,255,255
255,255,255
255,255,255
24,24,27
34,34,37
35,35,38
35,35,38
35,35,38
35,35,38
35,35,38
30,30,33
46,46,49
214,214,214
255,255,255
255,255,255
255,255,255
254,254,254
189,189,190
40,40,42
32,32,35
88,88,90
254,254,254
255,255,255
255,255,255
255,255,255
255,255,255
255,255,255
255,255,255
255,255,255
255,255,255
255,255,255
255,255,255
255,255,255
35,35,38
35,35,38
35,35,38
34,34,37
33,33,36
34,34,37
35,35,38
35,35,38
33,33,36
55,55,57
245,245,245
255,255,255
255,255,255
244,244,244
29,29,32
35,35,38
35,35,38
19,19,22
221,221,221
255,255,255
255,255,255
255,255,255
255,255,255
255,255,255
255,255,255
255,255,255
255,255,255
255,255,255
255,255,255
255,255,255
35,35,38
26,26,29
70,70,73
125,125,127
132,132,133
86,86,88
28,28,31
35,35,38
35,35,38
27,27,30
141,141,143
255,255,255
255,255,255
255,255,255
202,202,202
20,20,23
35,35,38
36,36,39
87,87,89
254,254,254
255,255,255
255,255,255
255,255,255
255,255,255
255,255,255
255,255,255
255,255,255
255,255,255
255,255,255
255,255,255
28,28,31
146,146,147
250,250,250
255,255,255
255,255,255
255,255,255
173,173,173
33,33,36
35,35,38
35,35,38
57,57,59
255,255,255
255,255,255
255,255,255
252,252,252
68,68,70
35,35,38
35,35,38
18,18,21
247,247,247
255,255,255
255,255,255
255,255,255
255,255,255
255,255,255
255,255,255
255,255,255
255,255,255
255,255,255
255,255,255
101,101,103
254,254,254
255,255,255
255,255,255
255,255,255
255,255,255
255,255,255
134,134,136
32,32,35
35,35,38
38,38,41
240,240,241
255,255,255
255,255,255
255,255,255
186,186,187
33,33,36
35,35,38
23,23,26
234,234,234
255,255,255
255,255,255
255,255,255
255,255,255
255,255,255
246,246,246
145,145,147
58,58,61
58,58,61
142,142,143
216,216,216
255,255,255
255,255,255
255,255,255
255,255,255
255,255,255
255,255,255
220,220,221
21,21,24
35,35,38
32,32,35
219,219,220
255,255,255
255,255,255
255,255,255
229,229,229
28,28,31
35,35,38
29,29,32
218,218,219
255,255,255
255,255,255
255,255,255
255,255,255
255,255,255
99,99,101
27,27,30
35,35,38
35,35,38
30,30,33
232,232,232
255,255,255
255,255,255
255,255,255
255,255,255
255,255,255
255,255,255
239,239,239
40,40,43
35,35,38
32,32,35
205,205,206
255,255,255
255,255,255
255,255,255
234,234,234
26,26,29
35,35,38
30,30,33
215,215,215
255,255,255
255,255,255
255,255,255
255,255,255
218,218,218
27,27,30
35,35,38
35,35,38
35,35,38
35,35,38
225,225,225
255,255,255
255,255,255
255,255,255
255,255,255
255,255,255
255,255,255
242,242,242
44,44,46
35,35,38
33,33,36
232,232,233
255,255,255
255,255,255
255,255,255
202,202,203
32,32,35
35,35,38
23,23,26
234,234,234
255,255,255
255,255,255
255,255,255
255,255,255
193,193,194
23,23,27
35,35,38
35,35,38
35,35,38
35,35,38
193,193,194
255,255,255
255,255,255
255,255,255
255,255,255
255,255,255
255,255,255
216,216,217
22,22,25
35,35,38
50,50,52
252,252,252
255,255,255
255,255,255
252,252,252
65,65,67
35,35,38
35,35,38
16,16,19
246,246,246
255,255,255
255,255,255
255,255,255
255,255,255
239,239,240
37,37,40
35,35,38
35,35,38
35,35,38
35,35,38
63,63,66
250,250,250
255,255,255
255,255,255
255,255,255
255,255,255
254,254,254
107,107,109
34,34,37
29,29,32
123,123,125
255,255,255
255,255,255
252,252,252
142,142,143
26,26,29
35,35,38
35,35,38
95,95,98
255,255,255
255,255,255
255,255,255
255,255,255
255,255,255
255,255,255
172,172,173
28,28,31
31,31,34
31,31,34
29,29,32
31,31,34
100,100,102
243,243,243
254,254,254
254,254,254
246,246,246
135,135,137
27,27,30
34,34,37
60,60,63
254,254,254
249,249,249
220,220,221
78,78,80
28,28,31
35,35,38
35,35,38
18,18,21
234,234,234
255,255,255
255,255,255
255,255,255
255,255,255
255,255,255
255,255,255
255,255,255
234,234,235
161,161,162
159,159,160
232,232,232
35,35,38
32,32,35
31,31,34
87,87,90
81,81,84
34,34,37
30,30,33
35,35,38
35,35,38
127,127,129
97,97,99
37,37,40
24,24,27
34,34,37
35,35,38
35,35,38
31,31,34
139,139,141
255,255,255
255,255,255
255,255,255
255,255,255
255,255,255
255,255,255
255,255,255
255,255,255
255,255,255
255,255,255
255,255,255
255,255,255
34,34,37
35,35,38
35,35,38
35,35,38
35,35,38
35,35,38
35,35,38
35,35,38
35,35,38
35,35,38
35,35,38
35,35,38
35,35,38
35,35,38
35,35,38
25,25,28
126,126,127
255,255,255
255,255,255
255,255,255
255,255,255
255,255,255
255,255,255
255,255,255
255,255,255
255,255,255
255,255,255
255,255,255
255,255,255
255,255,255
26,26,29
30,30,32
35,35,38
35,35,38
35,35,38
35,35,38
35,35,38
35,35,38
35,35,38
35,35,38
35,35,38
35,35,38
35,35,38
28,28,31
27,27,30
199,199,200
255,255,255
255,255,255
255,255,255
255,255,255
255,255,255
255,255,255
255,255,255
255,255,255
255,255,255
255,255,255
255,255,255
255,255,255
255,255,255
255,255,255
253,253,253
175,175,177
37,37,40
24,24,27
27,27,30
30,30,33
31,31,34
31,31,34
30,30,33
28,28,31
26,26,29
23,23,26
61,61,63
194,194,195
253,253,253
255,255,255
255,255,255
255,255,255
255,255,255
255,255,255
255,255,255
255,255,255
255,255,255
255,255,255
255,255,255
255,255,255
255,255,255
255,255,255
255,255,255
255,255,255
255,255,255
255,255,255
252,252,253
247,247,247
225,225,226
185,185,186
164,164,165
157,157,159
179,179,180
203,203,204
238,238,238
248,248,248
254,254,254
255,255,255
255,255,255
255,255,255
255,255,255
255,255,255
255,255,255
255,255,255
255,255,255
255,255,255
255,255,255
255,255,255
255,255,255
255,255,255
255,255,255
255,255,255
255,255,255
255,255,255
255,255,255
255,255,255
255,255,255
255,255,255
255,255,255
255,255,255
255,255,255
255,255,255
255,255,255
255,255,255
255,255,255
255,255,255
255,255,255
255,255,255
255,255,255
255,255,255
255,255,255
255,255,255
255,255,255
255,255,255
255,255,255
255,255,255
255,255,255
255,255,255
255,255,255
255,255,255
255,255,255
255,255,255
255,255,255
255,255,255
255,255,255
255,255,255
255,255,255
255,255,255
255,255,255
255,255,255
255,255,255
255,255,255
255,255,255
255,255,255
255,255,255
255,255,255
255,255,255
255,255,255
255,255,255
255,255,255
255,255,255
255,255,255
255,255,255
255,255,255
255,255,255
255,255,255
255,255,255
255,255,255
255,255,255
255,255,255
255,255,255
255,255,255
255,255,255
255,255,255
255,255,255
255,255,255
255,255,255
255,255,255
255,255,255
255,255,255
255,255,255
255,255,255
255,255,255
255,255,255
255,255,255
255,255,255
255,255,255
255,255,255
255,255,255
255,255,255
255,255,255
255,255,255
255,255,255
255,255,255
255,255,255
255,255,255
255,255,255
255,255,255
255,255,255
255,255,255
255,255,255
255,255,255
255,255,255
255,255,255
255,255,255
255,255,255
255,255,255
255,255,255
255,255,255
255,255,255
255,255,255
255,255,255
255,255,255
255,255,255
255,255,255
255,255,255
255,255,255
255,255,255
255,255,255
255,255,255
255,255,255
255,255,255
255,255,255
255,255,255
255,255,255
255,255,255
255,255,255
255,255,255
255,255,255
255,255,255
255,255,255
255,255,255
255,255,255
255,255,255
255,255,255
255,255,255
255,255,255
255,255,255
255,255,255
255,255,255
255,255,255
255,255,255
255,255,255
255,255,255
255,255,255
255,255,255
255,255,255
255,255,255
255,255,255
255,255,255
255,255,255
255,255,255
255,255,255
255,255,255
255,255,255
255,255,255
255,255,255
255,255,255
255,255,255
255,255,255
255,255,255
255,255,255
255,255,255
255,255,255
255,255,255
255,255,255
255,255,255
255,255,255
255,255,255
255,255,255
255,255,255
255,255,255
255,255,255
255,255,255
255,255,255
255,255,255
255,255,255
255,255,255
255,255,255
255,255,255
255,255,255
255,255,255
255,255,255
255,255,255
255,255,255
255,255,255
255,255,255
255,255,255
255,255,255
255,255,255
255,255,255
255,255,255
255,255,255
255,255,255
255,255,255
255,255,255
255,255,255
255,255,255
255,255,255
255,255,255
255,255,255
255,255,255
255,255,255
255,255,255
255,255,255
255,255,255
255,255,255
255,255,255
255,255,255
255,255,255
255,255,255
255,255,255
255,255,255
255,255,255
255,255,255
255,255,255
255,255,255
255,255,255
255,255,255
255,255,255
255,255,255
255,255,255
255,255,255
255,255,255
255,255,255
255,255,255
255,255,255
255,255,255
255,255,255
255,255,255
255,255,255
255,255,255
255,255,255
255,255,255
255,255,255
255,255,255
255,255,255
255,255,255
255,255,255
255,255,255
255,255,255
255,255,255
255,255,255
255,255,255
255,255,255
255,255,255
255,255,255
255,255,255
255,255,255
255,255,255
255,255,255
255,255,255
255,255,255
255,255,255
255,255,255
255,255,255
255,255,255
255,255,255
255,255,255
255,255,255
255,255,255
255,255,255
255,255,255
255,255,255
255,255,255
255,255,255
255,255,255
255,255,255
255,255,255
255,255,255
255,255,255
255,255,255
255,255,255
255,255,255
255,255,255
255,255,255
255,255,255
255,255,255
255,255,255
255,255,255
255,255,255
255,255,255
255,255,255
255,255,255
255,255,255
255,255,255
255,255,255
255,255,255
255,255,255
255,255,255
255,255,255
255,255,255
255,255,255
255,255,255
255,255,255
255,255,255
255,255,255
255,255,255
255,255,255
255,255,255
255,255,255
255,255,255
255,255,255
255,255,255
255,255,255
255,255,255
255,255,255
255,255,255
255,255,255
255,255,255
255,255,255
255,255,255
255,255,255
255,255,255
255,255,255
255,255,255
255,255,255
255,255,255
255,255,255
255,255,255
255,255,255
255,255,255
255,255,255
255,255,255
255,255,255
255,255,255
255,255,255
255,255,255
255,255,255
255,255,255
255,255,255
255,255,255
255,255,255
255,255,255
255,255,255
255,255,255
255,255,255
255,255,255
255,255,255
255,255,255
255,255,255
255,255,255
255,255,255
255,255,255
