255,255,255
255,255,255
255,255,255
255,255,255
255,255,255
255,255,255
255,255,255
255,255,255
255,255,255
255,255,255
255,255,255
255,255,255
255,255,255
255,255,255
255,255,255
255,255,255
255,255,255
255,255,255
255,255,255
255,255,255
255,255,255
255,255,255
255,255,255
255,255,255
255,255,255
255,255,255
255,255,255
255,255,255
255,255,255
255,255,255
255,255,255
255,255,255
250,235,235
242,206,206
239,193,193
244,213,213
253,247,247
255,255,255
255,255,255
255,255,255
255,255,255
255,255,255
255,255,255
255,255,255
255,255,255
255,255,255
255,255,255
255,255,255
255,255,255
255,255,255
255,255,255
255,255,255
255,255,255
255,255,255
255,255,255
255,255,255
255,255,255
255,255,255
255,255,255
255,255,255
239,195,195
212,100,100
205,73,73
204,70,70
204,70,70
204,70,70
207,80,80
221,129,129
250,235,235
255,255,255
255,255,255
255,255,255
255,255,255
255,255,255
255,255,255
253,247,247
215,110,110
255,254,254
255,255,255
255,255,255
255,255,255
255,255,255
255,255,255
255,255,255
255,255,255
255,255,255
255,255,255
255,255,255
255,255,255
255,255,255
203,64,64
205,73,73
205,73,73
205,73,73
205,73,73
205,73,73
205,73,73
204,69,69
207,82,82
246,221,221
255,255,255
255,255,255
255,255,255
255,254,254
241,201,201
206,77,77
204,70,70
217,117,117
255,254,254
255,255,255
255,255,255
255,255,255
255,255,255
255,255,255
255,255,255
255,255,255
255,255,255
255,255,255
255,255,255
255,255,255
205,73,73
205,73,73
205,73,73
205,72,72
204,71,71
205,72,72
205,73,73
205,73,73
204,71,71
210,89,89
253,247,247
255,255,255
255,255,255
253,245,245
204,68,68
205,73,73
205,73,73
201,59,59
247,227,227
255,255,255
255,255,255
255,255,255
255,255,255
255,255,255
255,255,255
255,255,255
255,255,255
255,255,255
255,255,255
238,192,192
205,73,73
203,65,65
214,103,103
226,147,147
227,153,153
217,115,115
204,67,67
205,73,73
205,73,73
203,66,66
229,161,161
255,255,255
255,255,255
255,255,255
243,210,210
202,61,61
205,73,73
205,73,73
217,116,116
255,254,254
255,255,255
255,255,255
255,255,255
255,255,255
255,255,255
255,255,255
255,255,255
255,255,255
234,177,177
203,65,65
204,67,67
230,164,164
254,251,251
255,255,255
255,255,255
255,255,255
236,187,187
205,71,71
205,73,73
205,73,73
210,91,91
255,255,255
255,255,255
255,255,255
254,253,253
213,100,100
205,73,73
205,73,73
201,59,59
253,248,248
255,255,255
255,255,255
255,255,255
255,255,255
255,255,255
255,255,255
255,255,255
230,163,163
204,68,68
205,73,73
220,128,128
255,254,254
255,255,255
255,255,255
255,255,255
255,255,255
255,255,255
228,155,155
204,71,71
205,73,73
206,75,75
252,243,243
255,255,255
255,255,255
255,255,255
240,199,199
205,71,71
205,73,73
202,63,63
251,238,238
255,255,255
255,255,255
255,255,255
255,255,255
255,255,255
255,253,253
226,149,149
203,64,64
205,73,73
205,73,73
247,223,223
255,255,255
255,255,255
255,255,255
255,255,255
255,255,255
255,255,255
247,226,226
202,61,61
205,73,73
205,71,71
247,225,225
255,255,255
255,255,255
255,255,255
250,233,233
204,66,66
205,73,73
203,67,67
247,225,225
255,255,255
255,255,255
255,255,255
255,255,255
254,250,250
223,134,134
203,68,68
205,73,73
205,73,73
205,73,73
250,236,236
255,255,255
255,255,255
255,255,255
255,255,255
255,255,255
255,255,255
251,242,242
206,77,77
205,73,73
205,71,71
244,214,214
255,255,255
255,255,255
255,255,255
251,237,237
203,66,66
205,73,73
204,69,69
247,222,222
255,255,255
255,255,255
255,255,255
255,254,254
217,115,115
204,68,68
205,73,73
205,73,73
205,73,73
205,73,73
248,230,230
255,255,255
255,255,255
255,255,255
255,255,255
255,255,255
255,255,255
252,244,244
207,80,80
205,73,73
205,72,72
250,237,237
255,255,255
255,255,255
255,255,255
244,212,212
204,71,71
205,73,73
202,63,63
250,236,236
255,255,255
255,255,255
255,255,255
255,255,255
233,172,172
203,68,68
205,73,73
205,73,73
205,73,73
205,73,73
241,203,203
255,255,255
255,255,255
255,255,255
255,255,255
255,255,255
255,255,255
246,223,223
202,63,63
205,73,73
209,85,85
255,253,253
255,255,255
255,255,255
254,252,252
212,98,98
205,73,73
205,73,73
201,57,57
253,247,247
255,255,255
255,255,255
255,255,255
255,255,255
255,255,255
238,193,193
205,72,72
205,73,73
205,73,73
205,73,73
212,96,96
254,251,251
255,255,255
255,255,255
255,255,255
255,255,255
255,255,255
222,134,134
205,72,72
203,68,68
225,146,146
255,255,255
255,255,255
254,253,253
230,162,162
203,65,65
205,73,73
205,73,73
219,122,122
255,255,255
255,255,255
255,255,255
255,255,255
255,255,255
255,255,255
255,255,255
242,209,209
204,69,69
205,73,73
205,73,73
204,70,70
220,127,127
252,245,245
255,254,254
255,254,254
253,248,248
229,155,155
203,66,66
205,72,72
211,94,94
255,255,255
254,250,250
247,226,226
215,109,109
204,67,67
205,73,73
205,73,73
201,58,58
251,238,238
255,255,255
255,255,255
255,255,255
255,255,255
255,255,255
255,255,255
255,255,255
255,255,255
246,221,221
206,78,78
205,72,72
205,73,73
204,71,71
204,70,70
217,117,117
216,112,112
205,73,73
204,68,68
205,73,73
205,74,74
227,149,149
219,124,124
206,74,74
202,64,64
205,72,72
205,73,73
205,73,73
204,70,70
229,159,159
255,255,255
255,255,255
255,255,255
255,255,255
255,255,255
255,255,255
255,255,255
255,255,255
255,255,255
255,255,255
248,230,230
205,75,75
205,72,72
205,73,73
205,73,73
205,73,73
205,73,73
205,73,73
205,73,73
205,73,73
205,73,73
205,73,73
205,73,73
205,73,73
205,73,73
205,73,73
205,73,73
203,65,65
226,148,148
255,255,255
255,255,255
255,255,255
255,255,255
255,255,255
255,255,255
255,255,255
255,255,255
255,255,255
255,255,255
255,255,255
255,255,255
252,242,242
204,66,66
204,68,68
205,73,73
205,73,73
205,73,73
205,73,73
205,73,73
205,73,73
205,73,73
205,73,73
205,73,73
205,73,73
205,73,73
203,67,67
204,67,67
243,211,211
255,255,255
255,255,255
255,255,255
255,255,255
255,255,255
255,255,255
255,255,255
255,255,255
255,255,255
255,255,255
255,255,255
255,255,255
255,255,255
255,255,255
255,253,253
237,190,190
206,74,74
203,64,64
203,67,67
204,69,69
204,69,69
204,70,70
204,69,69
204,68,68
203,66,66
203,63,63
211,94,94
241,203,203
254,253,253
255,255,255
255,255,255
255,255,255
255,255,255
255,255,255
255,255,255
255,255,255
255,255,255
255,255,255
255,255,255
255,255,255
255,255,255
255,255,255
255,255,255
255,255,255
255,255,255
255,255,255
254,253,253
253,248,248
249,230,230
239,197,197
235,180,180
234,174,174
238,191,191
244,212,212
252,241,241
254,249,249
255,254,254
255,255,255
255,255,255
255,255,255
255,255,255
255,255,255
255,255,255
255,255,255
255,255,255
255,255,255
255,255,255
255,255,255
255,255,255
255,255,255
255,255,255
255,255,255
255,255,255
255,255,255
255,255,255
255,255,255
255,255,255
255,255,255
255,255,255
255,255,255
255,255,255
255,255,255
255,255,255
255,255,255
255,255,255
255,255,255
255,255,255
255,255,255
255,255,255
255,255,255
255,255,255
255,255,255
255,255,255
255,255,255
255,255,255
255,255,255
255,255,255
255,255,255
255,255,255
255,255,255
255,255,255
255,255,255
255,255,255
255,255,255
255,255,255
255,255,255
255,255,255
255,255,255
255,255,255
255,255,255
255,255,255
255,255,255
255,255,255
255,255,255
255,255,255
255,255,255
255,255,255
255,255,255
255,255,255
255,255,255
255,255,255
255,255,255
255,255,255
255,255,255
255,255,255
255,255,255
255,255,255
255,255,255
255,255,255
255,255,255
255,255,255
255,255,255
255,255,255
255,255,255
255,255,255
255,255,255
255,255,255
255,255,255
255,255,255
255,255,255
255,255,255
255,255,255
255,255,255
255,255,255
255,255,255
255,255,255
255,255,255
255,255,255
255,255,255
255,255,255
255,255,255
255,255,255
255,255,255
255,255,255
255,255,255
255,255,255
255,255,255
255,255,255
255,255,255
255,255,255
255,255,255
255,255,255
255,255,255
255,255,255
255,255,255
255,255,255
255,255,255
255,255,255
255,255,255
255,255,255
255,255,255
255,255,255
255,255,255
255,255,255
255,255,255
255,255,255
255,255,255
255,255,255
255,255,255
255,255,255
255,255,255
255,255,255
255,255,255
255,255,255
255,255,255
255,255,255
255,255,255
255,255,255
255,255,255
255,255,255
255,255,255
255,255,255
255,255,255
255,255,255
255,255,255
255,255,255
255,255,255
255,255,255
255,255,255
255,255,255
255,255,255
255,255,255
255,255,255
255,255,255
255,255,255
255,255,255
255,255,255
255,255,255
255,255,255
255,255,255
255,255,255
255,255,255
255,255,255
255,255,255
255,255,255
255,255,255
255,255,255
255,255,255
255,255,255
255,255,255
255,255,255
255,255,255
255,255,255
255,255,255
255,255,255
255,255,255
255,255,255
255,255,255
255,255,255
255,255,255
255,255,255
255,255,255
255,255,255
255,255,255
255,255,255
255,255,255
255,255,255
255,255,255
255,255,255
255,255,255
255,255,255
255,255,255
255,255,255
255,255,255
255,255,255
255,255,255
255,255,255
255,255,255
255,255,255
255,255,255
255,255,255
255,255,255
255,255,255
255,255,255
255,255,255
255,255,255
255,255,255
255,255,255
255,255,255
255,255,255
255,255,255
255,255,255
255,255,255
255,255,255
255,255,255
255,255,255
255,255,255
255,255,255
255,255,255
255,255,255
255,255,255
255,255,255
255,255,255
255,255,255
255,255,255
255,255,255
255,255,255
255,255,255
255,255,255
255,255,255
255,255,255
255,255,255
255,255,255
255,255,255
255,255,255
255,255,255
255,255,255
255,255,255
255,255,255
255,255,255
255,255,255
255,255,255
255,255,255
255,255,255
255,255,255
255,255,255
255,255,255
255,255,255
255,255,255
255,255,255
255,255,255
255,255,255
255,255,255
255,255,255
255,255,255
255,255,255
255,255,255
255,255,255
255,255,255
255,255,255
255,255,255
255,255,255
255,255,255
255,255,255
255,255,255
255,255,255
255,255,255
255,255,255
255,255,255
255,255,255
255,255,255
255,255,255
255,255,255
255,255,255
255,255,255
255,255,255
255,255,255
255,255,255
255,255,255
255,255,255
255,255,255
255,255,255
255,255,255
255,255,255
255,255,255
255,255,255
255,255,255
255,255,255
255,255,255
255,255,255
255,255,255
255,255,255
255,255,255
255,255,255
255,255,255
255,255,255
255,255,255
255,255,255
255,255,255
255,255,255
255,255,255
255,255,255
255,255,255
255,255,255
255,255,255
255,255,255
255,255,255
255,255,255
255,255,255
255,255,255
255,255,255
255,255,255
255,255,255
255,255,255
255,255,255
255,255,255
255,255,255
255,255,255
255,255,255
255,255,255
255,255,255
255,255,255
255,255,255
255,255,255
255,255,255
255,255,255
255,255,255
255,255,255
255,255,255
255,255,255
255,255,255
255,255,255
255,255,255
255,255,255
255,255,255
255,255,255
255,255,255
255,255,255
255,255,255
255,255,255
255,255,255
255,255,255
255,255,255
255,255,255
255,255,255
255,255,255
255,255,255
255,255,255
255,255,255
255,255,255
255,255,255
255,255,255
255,255,255
255,255,255
