255,255,255
255,255,255
255,255,255
255,255,255
255,255,255
255,255,255
255,255,255
255,255,255
255,255,255
255,255,255
255,255,255
255,255,255
255,255,255
255,255,255
255,255,255
255,255,255
255,255,255
255,255,255
255,255,255
255,255,255
255,255,255
255,255,255
255,255,255
255,255,255
255,255,255
255,255,255
255,255,255
255,255,255
255,255,255
255,255,255
255,255,255
255,255,255
230,230,230
196,196,197
180,180,181
204,204,205
246,246,246
255,255,255
255,255,255
255,255,255
255,255,255
255,255,255
255,255,255
255,255,255
255,255,255
255,255,255
255,255,255
255,255,255
255,255,255
255,255,255
255,255,255
255,255,255
255,255,255
255,255,255
255,255,255
255,255,255
255,255,255
255,255,255
255,255,255
255,255,255
182,182,183
67,67,70
35,35,38
31,31,34
32,32,35
31,31,34
43,43,45
103,103,105
231,231,231
255,255,255
255,255,255
255,255,255
255,255,255
255,255,255
255,255,255
246,246,246
80,80,82
253,253,253
255,255,255
255,255,255
255,255,255
255,255,255
255,255,255
255,255,255
255,255,255
255,255,255
255,255,255
255,255,255
255,255,255
255,255,255
24,24,28
34,34,37
35,35,38
35,35,38
35,35,38
35,35,38
35,35,38
30,30,33
46,46,49
214,214,214
255,255,255
255,255,255
255,255,255
253,253,253
189,189,190
40,40,43
32,32,35
88,88,90
254,254,254
255,255,255
255,255,255
255,255,255
255,255,255
255,255,255
255,255,255
255,255,255
255,255,255
255,255,255
255,255,255
255,255,255
35,35,38
35,35,38
35,35,38
34,34,37
33,33,36
34,34,37
35,35,38
35,35,38
33,33,36
54,54,57
245,245,245
255,255,255
255,255,255
244,244,244
29,29,32
35,35,38
35,35,38
19,19,22
221,221,221
255,255,255
255,255,255
255,255,255
255,255,255
255,255,255
255,255,255
255,255,255
255,255,255
255,255,255
255,255,255
247,247,247
35,35,38
26,26,29
70,70,73
125,125,127
132,132,134
86,86,88
28,28,31
35,35,38
35,35,38
26,26,30
141,141,143
255,255,255
255,255,255
255,255,255
201,201,202
20,20,24
35,35,38
36,36,39
88,88,90
254,254,254
255,255,255
255,255,255
255,255,255
255,255,255
255,255,255
255,255,255
255,255,255
255,255,255
251,251,251
101,101,103
28,28,31
146,146,147
250,250,250
255,255,255
255,255,255
255,255,255
173,173,174
33,33,36
35,35,38
35,35,38
56,56,59
255,255,255
255,255,255
255,255,255
252,252,252
68,68,70
35,35,38
35,35,38
18,18,21
247,247,247
255,255,255
255,255,255
255,255,255
255,255,255
255,255,255
255,255,255
255,255,255
252,252,252
118,118,120
28,28,31
101,101,104
254,254,254
255,255,255
255,255,255
255,255,255
255,255,255
255,255,255
134,134,136
32,32,35
35,35,38
38,38,41
241,241,241
255,255,255
255,255,255
255,255,255
186,186,188
33,33,36
35,35,38
23,23,27
234,234,234
255,255,255
255,255,255
255,255,255
255,255,255
255,255,255
255,255,255
255,255,255
119,119,121
27,27,30
35,35,38
216,216,217
255,255,255
255,255,255
255,255,255
255,255,255
255,255,255
255,255,255
220,220,221
21,21,24
35,35,38
32,32,35
219,219,220
255,255,255
255,255,255
255,255,255
229,229,230
28,28,31
35,35,38
29,29,32
218,218,219
255,255,255
255,255,255
255,255,255
255,255,255
255,255,255
254,254,254
127,127,129
27,27,30
35,35,38
35,35,38
232,232,232
255,255,255
255,255,255
255,255,255
255,255,255
255,255,255
255,255,255
239,239,239
40,40,43
35,35,38
32,32,35
204,204,205
255,255,255
255,255,255
255,255,255
234,234,234
26,26,29
35,35,38
30,30,33
216,216,217
255,255,255
255,255,255
255,255,255
255,255,255
252,252,252
125,125,127
28,28,31
35,35,38
35,35,38
35,35,38
225,225,225
255,255,255
255,255,255
255,255,255
255,255,255
255,255,255
255,255,255
242,242,242
43,43,46
35,35,38
33,33,36
232,232,233
255,255,255
255,255,255
255,255,255
201,201,202
32,32,35
35,35,38
23,23,26
234,234,234
255,255,255
255,255,255
255,255,255
255,255,255
232,232,232
41,41,43
34,34,37
35,35,38
35,35,38
35,35,38
193,193,194
255,255,255
255,255,255
255,255,255
255,255,255
255,255,255
255,255,255
217,217,217
22,22,25
35,35,38
50,50,52
253,253,253
255,255,255
255,255,255
252,252,252
65,65,67
35,35,38
35,35,38
16,16,19
246,246,246
255,255,255
255,255,255
255,255,255
255,255,255
255,255,255
227,227,228
49,49,52
34,34,37
35,35,38
35,35,38
63,63,66
250,250,250
255,255,255
255,255,255
255,255,255
255,255,255
254,254,254
107,107,110
34,34,37
29,29,32
124,124,126
255,255,255
255,255,255
252,252,252
143,143,144
26,26,29
35,35,38
35,35,38
95,95,97
255,255,255
255,255,255
255,255,255
255,255,255
255,255,255
255,255,255
255,255,255
223,223,223
38,38,41
34,34,37
35,35,38
31,31,34
100,100,101
243,243,243
254,254,254
254,254,254
246,246,246
135,135,137
26,26,30
34,34,37
60,60,62
254,254,254
249,249,249
221,221,221
77,77,80
28,28,31
35,35,38
35,35,38
18,18,21
234,234,235
255,255,255
255,255,255
255,255,255
255,255,255
255,255,255
255,255,255
255,255,255
255,255,255
222,222,222
41,41,45
34,34,38
35,35,38
32,32,35
31,31,34
87,87,90
82,82,84
34,34,37
30,30,33
35,35,38
35,35,38
127,127,128
96,96,99
37,37,40
24,24,27
34,34,37
35,35,38
35,35,38
31,31,34
140,140,142
255,255,255
255,255,255
255,255,255
255,255,255
255,255,255
255,255,255
255,255,255
255,255,255
255,255,255
255,255,255
217,217,218
27,27,30
34,34,37
35,35,38
35,35,38
35,35,38
35,35,38
35,35,38
35,35,38
35,35,38
35,35,38
35,35,38
35,35,38
35,35,38
35,35,38
35,35,38
35,35,38
25,25,28
126,126,127
255,255,255
255,255,255
255,255,255
255,255,255
255,255,255
255,255,255
255,255,255
255,255,255
255,255,255
255,255,255
255,255,255
255,255,255
210,210,211
26,26,29
30,30,32
35,35,38
35,35,38
35,35,38
35,35,38
35,35,38
35,35,38
35,35,38
35,35,38
35,35,38
35,35,38
35,35,38
28,28,31
28,28,30
200,200,201
255,255,255
255,255,255
255,255,255
255,255,255
255,255,255
255,255,255
255,255,255
255,255,255
255,255,255
255,255,255
255,255,255
255,255,255
255,255,255
255,255,255
253,253,253
176,176,177
37,37,39
24,24,27
27,27,30
30,30,33
31,31,34
31,31,34
30,30,33
28,28,31
26,26,29
23,23,26
61,61,63
193,193,194
253,253,253
255,255,255
255,255,255
255,255,255
255,255,255
255,255,255
255,255,255
255,255,255
255,255,255
255,255,255
255,255,255
255,255,255
255,255,255
255,255,255
255,255,255
255,255,255
255,255,255
255,255,255
252,252,252
247,247,247
225,225,225
186,186,187
163,163,165
156,156,158
178,178,179
203,203,204
237,237,238
248,248,248
253,253,253
255,255,255
255,255,255
255,255,255
255,255,255
255,255,255
255,255,255
255,255,255
255,255,255
255,255,255
255,255,255
255,255,255
255,255,255
255,255,255
255,255,255
255,255,255
255,255,255
255,255,255
255,255,255
255,255,255
255,255,255
255,255,255
255,255,255
255,255,255
255,255,255
255,255,255
255,255,255
255,255,255
255,255,255
255,255,255
255,255,255
255,255,255
255,255,255
255,255,255
255,255,255
255,255,255
255,255,255
255,255,255
255,255,255
255,255,255
255,255,255
255,255,255
255,255,255
255,255,255
255,255,255
255,255,255
255,255,255
255,255,255
255,255,255
255,255,255
255,255,255
255,255,255
255,255,255
255,255,255
255,255,255
255,255,255
255,255,255
255,255,255
255,255,255
255,255,255
255,255,255
255,255,255
255,255,255
255,255,255
255,255,255
255,255,255
255,255,255
255,255,255
255,255,255
255,255,255
255,255,255
255,255,255
255,255,255
255,255,255
255,255,255
255,255,255
255,255,255
255,255,255
255,255,255
255,255,255
255,255,255
255,255,255
255,255,255
255,255,255
255,255,255
255,255,255
255,255,255
255,255,255
255,255,255
255,255,255
255,255,255
255,255,255
255,255,255
255,255,255
255,255,255
255,255,255
255,255,255
255,255,255
255,255,255
255,255,255
255,255,255
255,255,255
255,255,255
255,255,255
255,255,255
255,255,255
255,255,255
255,255,255
255,255,255
255,255,255
255,255,255
255,255,255
255,255,255
255,255,255
255,255,255
255,255,255
255,255,255
255,255,255
255,255,255
255,255,255
255,255,255
255,255,255
255,255,255
255,255,255
255,255,255
255,255,255
255,255,255
255,255,255
255,255,255
255,255,255
255,255,255
255,255,255
255,255,255
255,255,255
255,255,255
255,255,255
255,255,255
255,255,255
255,255,255
255,255,255
255,255,255
255,255,255
255,255,255
255,255,255
255,255,255
255,255,255
255,255,255
255,255,255
255,255,255
255,255,255
255,255,255
255,255,255
255,255,255
255,255,255
255,255,255
255,255,255
255,255,255
255,255,255
255,255,255
255,255,255
255,255,255
255,255,255
255,255,255
255,255,255
255,255,255
255,255,255
255,255,255
255,255,255
255,255,255
255,255,255
255,255,255
255,255,255
255,255,255
255,255,255
255,255,255
255,255,255
255,255,255
255,255,255
255,255,255
255,255,255
255,255,255
255,255,255
255,255,255
255,255,255
255,255,255
255,255,255
255,255,255
255,255,255
255,255,255
255,255,255
255,255,255
255,255,255
255,255,255
255,255,255
255,255,255
255,255,255
255,255,255
255,255,255
255,255,255
255,255,255
255,255,255
255,255,255
255,255,255
255,255,255
255,255,255
255,255,255
255,255,255
255,255,255
255,255,255
255,255,255
255,255,255
255,255,255
255,255,255
255,255,255
255,255,255
255,255,255
255,255,255
255,255,255
255,255,255
255,255,255
255,255,255
255,255,255
255,255,255
255,255,255
255,255,255
255,255,255
255,255,255
255,255,255
255,255,255
255,255,255
255,255,255
255,255,255
255,255,255
255,255,255
255,255,255
255,255,255
255,255,255
255,255,255
255,255,255
255,255,255
255,255,255
255,255,255
255,255,255
255,255,255
255,255,255
255,255,255
255,255,255
255,255,255
255,255,255
255,255,255
255,255,255
255,255,255
255,255,255
255,255,255
255,255,255
255,255,255
255,255,255
255,255,255
255,255,255
255,255,255
255,255,255
255,255,255
255,255,255
255,255,255
255,255,255
255,255,255
255,255,255
255,255,255
255,255,255
255,255,255
255,255,255
255,255,255
255,255,255
255,255,255
255,255,255
255,255,255
255,255,255
255,255,255
255,255,255
255,255,255
255,255,255
255,255,255
255,255,255
255,255,255
255,255,255
255,255,255
255,255,255
255,255,255
255,255,255
255,255,255
255,255,255
255,255,255
255,255,255
255,255,255
255,255,255
255,255,255
255,255,255
255,255,255
255,255,255
255,255,255
255,255,255
255,255,255
255,255,255
255,255,255
255,255,255
255,255,255
255,255,255
255,255,255
255,255,255
255,255,255
255,255,255
255,255,255
255,255,255
255,255,255
255,255,255
255,255,255
255,255,255
255,255,255
255,255,255
255,255,255
255,255,255
255,255,255
255,255,255
255,255,255
255,255,255
255,255,255
255,255,255
255,255,255
255,255,255
255,255,255
255,255,255
255,255,255
255,255,255
255,255,255
255,255,255
255,255,255
255,255,255
255,255,255
255,255,255
255,255,255
255,255,255
255,255,255
255,255,255
255,255,255
255,255,255
255,255,255
255,255,255
255,255,255
