255,255,255
255,255,255
255,255,255
255,255,255
255,255,255
255,255,255
255,255,255
255,255,255
255,255,255
255,255,255
255,255,255
255,255,255
255,255,255
255,255,255
255,255,255
255,255,255
255,255,255
255,255,255
255,255,255
255,255,255
255,255,255
255,255,255
255,255,255
255,255,255
255,255,255
255,255,255
255,255,255
255,255,255
255,255,255
255,255,255
255,255,255
255,255,255
255,255,255
255,255,255
255,255,255
255,255,255
255,255,255
255,255,255
255,255,255
255,255,255
255,255,255
255,255,255
255,255,255
255,255,255
255,255,255
255,255,255
255,255,255
255,255,255
255,255,255
255,255,255
255,255,255
255,255,255
255,255,255
255,255,255
255,255,255
255,255,255
255,255,255
255,255,255
255,255,255
255,255,255
255,255,255
255,255,255
255,255,255
255,255,255
255,255,255
255,255,255
255,255,255
255,255,255
255,255,255
255,255,255
255,255,255
255,255,255
255,255,255
255,255,255
255,255,255
255,255,255
255,255,255
255,255,255
255,255,255
255,255,255
255,255,255
255,255,255
255,255,255
255,255,255
255,255,255
255,255,255
255,255,255
255,255,255
255,255,255
255,255,255
32,32,36
32,32,36
32,32,36
32,32,36
32,32,36
32,32,36
32,32,36
32,32,36
32,32,36
32,32,36
32,32,36
32,32,36
32,32,36
32,32,36
32,32,36
32,32,36
32,32,36
32,32,36
23,23,24
248,248,248
255,255,255
255,255,255
255,255,255
255,255,255
255,255,255
255,255,255
255,255,255
255,255,255
255,255,255
255,255,255
35,35,38
35,35,38
35,35,38
35,35,38
35,35,38
35,35,38
35,35,38
35,35,38
35,35,38
35,35,38
35,35,38
35,35,38
35,35,38
35,35,38
35,35,38
35,35,38
35,35,38
35,35,38
10,10,12
248,248,248
255,255,255
255,255,255
255,255,255
255,255,255
255,255,255
255,255,255
255,255,255
255,255,255
255,255,255
255,255,255
35,35,38
35,35,38
35,35,38
35,35,38
35,35,38
35,35,38
35,35,38
35,35,38
35,35,38
35,35,38
35,35,38
35,35,38
35,35,38
35,35,38
35,35,38
35,35,38
35,35,38
35,35,38
10,10,12
248,248,248
255,255,255
255,255,255
255,255,255
255,255,255
255,255,255
255,255,255
255,255,255
255,255,255
255,255,255
255,255,255
57,57,60
57,57,60
57,57,60
57,57,60
57,57,60
57,57,60
57,57,60
63,63,66
35,35,38
35,35,38
35,35,38
34,34,37
38,38,41
58,58,61
57,57,60
57,57,60
57,57,60
57,57,60
39,39,41
249,249,249
255,255,255
255,255,255
255,255,255
255,255,255
255,255,255
255,255,255
255,255,255
255,255,255
255,255,255
149,149,150
255,255,255
255,255,255
255,255,255
255,255,255
255,255,255
255,255,255
255,255,255
130,130,132
32,32,35
35,35,38
32,32,35
56,56,59
232,232,233
255,255,255
255,255,255
255,255,255
255,255,255
255,255,255
255,255,255
255,255,255
255,255,255
255,255,255
255,255,255
255,255,255
255,255,255
255,255,255
255,255,255
255,255,255
160,160,161
26,26,29
255,255,255
255,255,255
255,255,255
255,255,255
255,255,255
253,253,253
116,116,118
27,27,30
35,35,38
32,32,35
58,58,61
234,234,234
255,255,255
255,255,255
255,255,255
255,255,255
255,255,255
255,255,255
255,255,255
255,255,255
255,255,255
255,255,255
255,255,255
255,255,255
255,255,255
255,255,255
255,255,255
167,167,168
29,29,32
35,35,38
255,255,255
255,255,255
255,255,255
255,255,255
249,249,249
106,106,108
30,30,33
35,35,38
34,34,37
69,69,71
238,238,238
255,255,255
255,255,255
255,255,255
255,255,255
255,255,255
255,255,255
255,255,255
255,255,255
255,255,255
255,255,255
255,255,255
255,255,255
255,255,255
255,255,255
255,255,255
171,171,173
28,28,31
35,35,38
35,35,38
255,255,255
255,255,255
255,255,255
249,249,249
95,95,98
28,28,31
35,35,38
35,35,38
32,32,35
139,139,141
255,255,255
255,255,255
255,255,255
255,255,255
255,255,255
255,255,255
255,255,255
255,255,255
255,255,255
255,255,255
255,255,255
255,255,255
255,255,255
255,255,255
255,255,255
175,175,176
31,31,34
35,35,38
35,35,38
35,35,38
255,255,255
255,255,255
241,241,242
84,84,86
31,31,34
35,35,38
35,35,38
35,35,38
35,35,38
28,28,31
96,96,98
237,237,237
255,255,255
255,255,255
255,255,255
255,255,255
255,255,255
255,255,255
255,255,255
255,255,255
255,255,255
255,255,255
255,255,255
255,255,255
231,231,231
33,33,35
34,34,37
35,35,38
35,35,38
35,35,38
255,255,255
240,240,240
72,72,74
30,30,33
35,35,38
32,32,35
36,36,39
30,30,33
35,35,38
35,35,38
31,31,34
51,51,54
212,212,212
255,255,255
255,255,255
255,255,255
255,255,255
255,255,255
255,255,255
255,255,255
255,255,255
255,255,255
255,255,255
255,255,255
255,255,255
186,186,187
32,32,36
35,35,38
35,35,38
35,35,38
235,235,235
63,63,66
33,33,36
35,35,38
32,32,35
69,69,71
236,236,236
110,110,112
31,31,34
35,35,38
35,35,38
35,35,38
28,28,32
163,163,165
255,255,255
255,255,255
255,255,255
255,255,255
255,255,255
255,255,255
255,255,255
255,255,255
255,255,255
255,255,255
255,255,255
255,255,255
182,182,183
31,31,34
35,35,38
35,35,38
49,49,52
32,32,35
35,35,38
30,30,33
77,77,79
243,243,243
255,255,255
255,255,255
164,164,166
31,31,34
34,34,37
35,35,38
35,35,38
24,24,27
104,104,105
245,245,245
255,255,255
255,255,255
255,255,255
255,255,255
255,255,255
255,255,255
255,255,255
255,255,255
255,255,255
255,255,255
255,255,255
180,180,181
30,30,33
35,35,38
35,35,38
35,35,38
31,31,34
78,78,80
245,245,245
255,255,255
255,255,255
255,255,255
255,255,255
221,221,222
52,52,54
32,32,35
35,35,38
35,35,38
34,34,37
43,43,46
224,224,225
255,255,255
255,255,255
255,255,255
255,255,255
255,255,255
255,255,255
255,255,255
255,255,255
255,255,255
255,255,255
255,255,255
174,174,175
27,27,30
35,35,38
30,30,33
87,87,89
248,248,249
255,255,255
255,255,255
255,255,255
255,255,255
255,255,255
255,255,255
246,246,246
95,95,98
27,27,30
35,35,38
35,35,38
36,36,39
19,19,23
182,182,182
254,254,254
255,255,255
255,255,255
255,255,255
255,255,255
255,255,255
255,255,255
255,255,255
255,255,255
255,255,255
255,255,255
163,163,164
31,31,34
87,87,89
250,250,250
255,255,255
255,255,255
255,255,255
255,255,255
255,255,255
255,255,255
255,255,255
255,255,255
255,255,255
158,158,160
26,26,28
34,34,37
35,35,38
35,35,38
24,24,27
108,108,109
253,253,253
255,255,255
255,255,255
255,255,255
255,255,255
255,255,255
255,255,255
255,255,255
255,255,255
255,255,255
255,255,255
100,100,103
253,253,254
255,255,255
255,255,255
255,255,255
255,255,255
255,255,255
255,255,255
255,255,255
255,255,255
255,255,255
255,255,255
255,255,255
225,225,226
35,35,38
33,33,36
35,35,38
35,35,38
5,5,9
248,248,248
255,255,255
255,255,255
255,255,255
255,255,255
255,255,255
255,255,255
255,255,255
255,255,255
255,255,255
255,255,255
254,254,254
255,255,255
255,255,255
255,255,255
255,255,255
255,255,255
255,255,255
255,255,255
255,255,255
255,255,255
255,255,255
255,255,255
255,255,255
255,255,255
249,249,249
72,72,74
34,34,37
35,35,38
10,10,13
248,248,248
255,255,255
255,255,255
255,255,255
255,255,255
255,255,255
255,255,255
255,255,255
255,255,255
255,255,255
255,255,255
255,255,255
255,255,255
255,255,255
255,255,255
255,255,255
255,255,255
255,255,255
255,255,255
255,255,255
255,255,255
255,255,255
255,255,255
255,255,255
255,255,255
255,255,255
255,255,255
148,148,149
17,17,19
9,9,13
248,248,248
255,255,255
255,255,255
255,255,255
255,255,255
255,255,255
255,255,255
255,255,255
255,255,255
255,255,255
255,255,255
255,255,255
255,255,255
255,255,255
255,255,255
255,255,255
255,255,255
255,255,255
255,255,255
255,255,255
255,255,255
255,255,255
255,255,255
255,255,255
255,255,255
255,255,255
255,255,255
255,255,255
224,224,225
6,6,6
247,247,247
255,255,255
255,255,255
255,255,255
255,255,255
255,255,255
255,255,255
255,255,255
255,255,255
255,255,255
255,255,255
255,255,255
255,255,255
255,255,255
255,255,255
255,255,255
255,255,255
255,255,255
255,255,255
255,255,255
255,255,255
255,255,255
255,255,255
255,255,255
255,255,255
255,255,255
255,255,255
255,255,255
255,255,255
246,246,246
254,254,254
255,255,255
255,255,255
255,255,255
255,255,255
255,255,255
255,255,255
255,255,255
255,255,255
255,255,255
255,255,255
255,255,255
255,255,255
255,255,255
255,255,255
255,255,255
255,255,255
255,255,255
255,255,255
255,255,255
255,255,255
255,255,255
255,255,255
255,255,255
255,255,255
255,255,255
255,255,255
255,255,255
255,255,255
255,255,255
255,255,255
255,255,255
255,255,255
255,255,255
255,255,255
255,255,255
255,255,255
255,255,255
255,255,255
255,255,255
255,255,255
255,255,255
255,255,255
255,255,255
255,255,255
255,255,255
255,255,255
255,255,255
255,255,255
255,255,255
255,255,255
255,255,255
255,255,255
255,255,255
255,255,255
255,255,255
255,255,255
255,255,255
255,255,255
255,255,255
255,255,255
255,255,255
255,255,255
255,255,255
255,255,255
255,255,255
255,255,255
255,255,255
255,255,255
255,255,255
255,255,255
255,255,255
255,255,255
255,255,255
255,255,255
255,255,255
255,255,255
255,255,255
255,255,255
255,255,255
255,255,255
255,255,255
255,255,255
255,255,255
255,255,255
255,255,255
255,255,255
255,255,255
255,255,255
255,255,255
255,255,255
255,255,255
255,255,255
255,255,255
255,255,255
255,255,255
255,255,255
255,255,255
255,255,255
255,255,255
255,255,255
255,255,255
255,255,255
255,255,255
255,255,255
255,255,255
255,255,255
255,255,255
255,255,255
255,255,255
255,255,255
255,255,255
255,255,255
255,255,255
255,255,255
255,255,255
255,255,255
255,255,255
255,255,255
255,255,255
255,255,255
255,255,255
255,255,255
255,255,255
255,255,255
255,255,255
255,255,255
255,255,255
255,255,255
255,255,255
255,255,255
255,255,255
255,255,255
255,255,255
255,255,255
255,255,255
255,255,255
255,255,255
255,255,255
255,255,255
255,255,255
255,255,255
255,255,255
255,255,255
255,255,255
255,255,255
255,255,255
255,255,255
255,255,255
255,255,255
255,255,255
255,255,255
255,255,255
255,255,255
255,255,255
255,255,255
255,255,255
255,255,255
255,255,255
255,255,255
255,255,255
255,255,255
255,255,255
255,255,255
255,255,255
255,255,255
255,255,255
255,255,255
255,255,255
255,255,255
255,255,255
255,255,255
255,255,255
255,255,255
255,255,255
255,255,255
255,255,255
255,255,255
255,255,255
255,255,255
255,255,255
255,255,255
255,255,255
255,255,255
255,255,255
255,255,255
255,255,255
255,255,255
255,255,255
255,255,255
255,255,255
255,255,255
255,255,255
255,255,255
255,255,255
255,255,255
255,255,255
255,255,255
255,255,255
255,255,255
255,255,255
255,255,255
255,255,255
255,255,255
255,255,255
255,255,255
255,255,255
255,255,255
255,255,255
255,255,255
255,255,255
255,255,255
255,255,255
255,255,255
255,255,255
255,255,255
255,255,255
255,255,255
255,255,255
255,255,255
255,255,255
