255,255,255
255,255,255
255,255,255
255,255,255
255,255,255
255,255,255
255,255,255
255,255,255
255,255,255
255,255,255
255,255,255
255,255,255
255,255,255
255,255,255
255,255,255
255,255,255
255,255,255
255,255,255
255,255,255
255,255,255
255,255,255
255,255,255
255,255,255
255,255,255
255,255,255
255,255,255
255,255,255
255,255,255
255,255,255
255,255,255
255,255,255
255,255,255
255,255,255
255,255,255
255,255,255
255,255,255
255,255,255
255,255,255
255,255,255
255,255,255
255,255,255
255,255,255
255,255,255
255,255,255
255,255,255
255,255,255
255,255,255
255,255,255
255,255,255
255,255,255
255,255,255
255,255,255
255,255,255
255,255,255
255,255,255
255,255,255
255,255,255
255,255,255
255,255,255
255,255,255
255,255,255
255,255,255
255,255,255
252,252,252
187,187,188
95,95,98
57,57,60
50,50,53
50,50,52
56,56,59
82,82,84
176,176,177
245,245,245
255,255,255
255,255,255
255,255,255
255,255,255
255,255,255
255,255,255
255,255,255
255,255,255
255,255,255
255,255,255
255,255,255
255,255,255
255,255,255
255,255,255
255,255,255
255,255,255
255,255,255
255,255,255
255,255,255
142,142,144
37,37,40
30,30,33
33,33,36
35,35,38
35,35,38
35,35,38
35,35,38
34,34,37
30,30,33
32,32,35
119,119,121
253,253,253
255,255,255
255,255,255
255,255,255
255,255,255
255,255,255
255,255,255
255,255,255
255,255,255
255,255,255
255,255,255
255,255,255
255,255,255
255,255,255
255,255,255
255,255,255
235,235,235
64,64,67
29,29,32
34,34,37
35,35,38
35,35,38
35,35,38
35,35,38
35,35,38
35,35,38
35,35,38
35,35,38
35,35,38
29,29,32
46,46,49
219,219,219
255,255,255
255,255,255
255,255,255
255,255,255
255,255,255
255,255,255
255,255,255
255,255,255
255,255,255
255,255,255
255,255,255
255,255,255
255,255,255
255,255,255
35,35,38
33,33,36
35,35,38
35,35,38
35,35,37
28,28,31
29,29,32
31,31,34
31,31,34
29,29,32
28,28,31
34,34,37
35,35,38
35,35,38
35,35,38
25,25,28
209,209,210
255,255,255
255,255,255
255,255,255
255,255,255
255,255,255
255,255,255
255,255,255
255,255,255
255,255,255
255,255,255
255,255,255
255,255,255
255,255,255
34,34,37
35,35,38
35,35,38
23,23,26
61,61,64
156,156,157
207,207,208
223,223,223
223,223,223
208,208,208
156,156,158
59,59,62
23,23,26
35,35,38
35,35,38
35,35,38
32,32,34
244,244,244
255,255,255
255,255,255
255,255,255
255,255,255
255,255,255
255,255,255
255,255,255
255,255,255
255,255,255
255,255,255
255,255,255
255,255,255
35,35,38
35,35,38
34,34,37
165,165,165
247,247,247
255,255,255
255,255,255
255,255,255
255,255,255
255,255,255
255,255,255
249,249,249
170,170,171
30,30,33
35,35,38
35,35,38
35,35,38
73,73,75
253,253,253
255,255,255
255,255,255
255,255,255
255,255,255
255,255,255
255,255,255
255,255,255
255,255,255
255,255,255
255,255,255
255,255,255
35,35,38
25,25,28
197,197,198
255,255,255
255,255,255
255,255,255
255,255,255
255,255,255
255,255,255
255,255,255
255,255,255
255,255,255
255,255,255
204,204,205
24,24,27
35,35,38
35,35,38
19,19,22
216,216,216
255,255,255
255,255,255
255,255,255
255,255,255
255,255,255
255,255,255
255,255,255
255,255,255
255,255,255
255,255,255
226,226,226
28,28,31
167,167,168
255,255,255
255,255,255
255,255,255
255,255,255
255,255,255
255,255,255
255,255,255
255,255,255
255,255,255
255,255,255
255,255,255
255,255,255
179,179,180
24,24,27
35,35,38
35,35,38
101,101,103
255,255,255
255,255,255
255,255,255
255,255,255
255,255,255
255,255,255
255,255,255
255,255,255
255,255,255
231,231,231
53,53,56
49,49,52
246,246,246
255,255,255
255,255,255
255,255,255
255,255,255
255,255,255
255,255,255
255,255,255
255,255,255
255,255,255
255,255,255
255,255,255
255,255,255
250,250,250
48,48,50
35,35,38
35,35,38
23,23,26
248,248,248
255,255,255
255,255,255
255,255,255
255,255,255
255,255,255
255,255,255
255,255,255
234,234,234
65,65,67
32,32,35
139,139,141
255,255,255
255,255,255
255,255,255
255,255,255
255,255,255
255,255,255
255,255,255
255,255,255
255,255,255
255,255,255
255,255,255
255,255,255
255,255,255
255,255,255
152,152,154
34,34,37
35,35,38
21,21,24
239,239,239
255,255,255
255,255,255
255,255,255
255,255,255
255,255,255
255,255,255
237,237,238
64,64,67
32,32,35
35,35,38
188,188,189
255,255,255
255,255,255
255,255,255
255,255,255
255,255,255
255,255,255
255,255,255
255,255,255
255,255,255
255,255,255
255,255,255
255,255,255
255,255,255
255,255,255
220,220,220
31,31,34
35,35,38
27,27,30
224,224,224
255,255,255
255,255,255
255,255,255
255,255,255
255,255,255
239,239,239
71,71,73
31,31,34
35,35,38
35,35,38
204,204,205
255,255,255
255,255,255
255,255,255
255,255,255
255,255,255
255,255,255
255,255,255
255,255,255
255,255,255
252,252,252
203,203,204
255,255,255
255,255,255
255,255,255
230,230,230
27,27,30
35,35,38
31,31,34
212,212,212
255,255,255
255,255,255
255,255,255
255,255,255
245,245,245
66,66,69
32,32,35
35,35,38
35,35,38
35,35,38
184,184,185
255,255,255
255,255,255
255,255,255
255,255,255
255,255,255
255,255,255
255,255,255
255,255,255
249,249,250
134,134,135
13,13,14
162,162,163
255,255,255
255,255,255
210,210,210
32,32,35
35,35,38
27,27,30
222,222,223
255,255,255
255,255,255
255,255,255
255,255,255
246,246,246
87,87,90
30,30,33
35,35,38
35,35,38
35,35,38
128,128,130
255,255,255
255,255,255
255,255,255
255,255,255
255,255,255
255,255,255
255,255,255
248,248,248
103,103,105
30,30,33
35,35,38
31,31,34
204,204,205
255,255,255
148,148,150
33,33,37
35,35,38
20,20,23
238,238,238
255,255,255
255,255,255
255,255,255
255,255,255
255,255,255
255,255,255
89,89,92
32,32,35
35,35,38
35,35,38
40,40,43
243,243,243
255,255,255
255,255,255
255,255,255
255,255,255
255,255,255
255,255,255
246,246,246
83,83,85
32,32,35
35,35,38
34,34,37
27,27,29
231,231,232
35,35,38
35,35,38
35,35,38
21,21,24
249,249,249
255,255,255
255,255,255
255,255,255
255,255,255
255,255,255
255,255,255
255,255,255
82,82,84
30,30,33
35,35,38
28,28,31
150,150,151
254,254,254
255,255,255
255,255,255
255,255,255
255,255,255
255,255,255
255,255,255
246,246,246
63,63,65
33,33,36
35,35,38
35,35,38
33,33,37
34,34,37
35,35,38
35,35,38
114,114,117
255,255,255
255,255,255
255,255,255
255,255,255
255,255,255
255,255,255
255,255,255
255,255,255
252,252,252
79,79,81
33,33,36
36,36,39
18,18,21
190,190,190
254,254,254
255,255,255
255,255,255
255,255,255
255,255,255
255,255,255
255,255,255
240,240,240
47,47,50
35,35,38
35,35,38
35,35,38
35,35,38
35,35,38
14,14,17
243,243,243
255,255,255
255,255,255
255,255,255
255,255,255
255,255,255
255,255,255
255,255,255
255,255,255
255,255,255
252,252,252
66,66,69
35,35,38
35,35,38
23,23,26
140,140,142
249,249,249
255,255,255
255,255,255
255,255,255
255,255,255
255,255,255
255,255,255
232,232,232
28,28,31
35,35,38
35,35,38
35,35,38
35,35,38
104,104,106
255,255,255
255,255,255
255,255,255
255,255,255
255,255,255
255,255,255
255,255,255
255,255,255
255,255,255
255,255,255
255,255,255
243,243,243
35,35,38
35,35,38
35,35,38
29,29,32
30,30,33
117,117,119
220,220,221
242,242,242
242,242,242
217,217,217
135,135,136
27,27,30
34,34,37
35,35,38
35,35,38
35,35,38
35,35,38
110,110,112
255,255,255
255,255,255
255,255,255
255,255,255
255,255,255
255,255,255
255,255,255
255,255,255
255,255,255
255,255,255
255,255,255
255,255,255
24,24,26
35,35,38
35,35,38
35,35,38
35,35,38
34,34,37
30,30,33
28,28,31
28,28,31
31,31,33
33,33,36
35,35,38
35,35,38
35,35,38
35,35,38
35,35,38
35,35,38
28,28,31
135,135,136
255,255,255
255,255,255
255,255,255
255,255,255
255,255,255
255,255,255
255,255,255
255,255,255
255,255,255
255,255,255
255,255,255
244,244,244
55,55,58
27,27,30
35,35,38
35,35,38
35,35,38
35,35,38
35,35,38
35,35,38
35,35,38
35,35,38
35,35,38
35,35,38
27,27,30
51,51,54
27,27,30
35,35,38
35,35,38
23,23,26
178,178,179
255,255,255
255,255,255
255,255,255
255,255,255
255,255,255
255,255,255
255,255,255
255,255,255
255,255,255
255,255,255
255,255,255
248,248,248
161,161,162
27,27,29
27,27,30
35,35,38
35,35,38
35,35,38
35,35,38
35,35,38
35,35,38
28,28,31
29,29,32
162,162,163
251,251,251
135,135,136
32,32,35
30,30,33
90,90,93
249,249,249
255,255,255
255,255,255
255,255,255
255,255,255
255,255,255
255,255,255
255,255,255
255,255,255
255,255,255
255,255,255
255,255,255
255,255,255
255,255,255
244,244,244
206,206,207
126,126,128
74,74,77
47,47,49
45,45,47
66,66,69
129,129,130
201,201,202
246,246,246
255,255,255
255,255,255
254,254,254
87,87,89
123,123,125
254,254,254
255,255,255
255,255,255
255,255,255
255,255,255
255,255,255
255,255,255
255,255,255
255,255,255
255,255,255
255,255,255
255,255,255
255,255,255
255,255,255
255,255,255
255,255,255
255,255,255
255,255,255
254,254,254
252,252,252
251,251,251
253,253,254
255,255,255
255,255,255
255,255,255
255,255,255
255,255,255
255,255,255
249,249,249
255,255,255
255,255,255
255,255,255
255,255,255
255,255,255
255,255,255
255,255,255
255,255,255
255,255,255
255,255,255
255,255,255
255,255,255
255,255,255
255,255,255
255,255,255
255,255,255
255,255,255
255,255,255
255,255,255
255,255,255
255,255,255
255,255,255
255,255,255
255,255,255
255,255,255
255,255,255
255,255,255
255,255,255
255,255,255
255,255,255
255,255,255
255,255,255
255,255,255
255,255,255
255,255,255
255,255,255
255,255,255
255,255,255
255,255,255
255,255,255
255,255,255
255,255,255
255,255,255
255,255,255
255,255,255
255,255,255
255,255,255
255,255,255
255,255,255
255,255,255
255,255,255
255,255,255
255,255,255
255,255,255
255,255,255
255,255,255
255,255,255
255,255,255
255,255,255
255,255,255
255,255,255
255,255,255
255,255,255
255,255,255
255,255,255
255,255,255
255,255,255
255,255,255
255,255,255
255,255,255
255,255,255
255,255,255
255,255,255
255,255,255
255,255,255
255,255,255
255,255,255
255,255,255
255,255,255
255,255,255
255,255,255
255,255,255
255,255,255
255,255,255
255,255,255
255,255,255
255,255,255
255,255,255
255,255,255
255,255,255
255,255,255
255,255,255
255,255,255
255,255,255
255,255,255
255,255,255
255,255,255
255,255,255
255,255,255
255,255,255
255,255,255
255,255,255
255,255,255
255,255,255
255,255,255
255,255,255
255,255,255
255,255,255
255,255,255
255,255,255
255,255,255
255,255,255
255,255,255
255,255,255
255,255,255
255,255,255
255,255,255
255,255,255
255,255,255
255,255,255
255,255,255
255,255,255
255,255,255
255,255,255
255,255,255
255,255,255
255,255,255
255,255,255
255,255,255
255,255,255
255,255,255
255,255,255
255,255,255
